2 0.217273 0.603560 0.096364 0.055016
2 0.321818 0.601942 0.080000 0.045307
2 0.519091 0.614887 0.103636 0.071197
2 0.325455 0.710356 0.196364 0.093851
2 0.626364 0.622977 0.085455 0.048544
2 0.219091 0.656958 0.154545 0.064725
2 0.132727 0.618123 0.105455 0.064725
2 0.134545 0.592233 0.116364 0.077670
2 0.047273 0.569579 0.090909 0.084142
2 0.294545 0.577670 0.087273 0.048544
2 0.381818 0.571197 0.061818 0.042071
2 0.415455 0.598706 0.081818 0.045307
2 0.467273 0.569579 0.083636 0.051780
2 0.645455 0.593851 0.065455 0.048544
2 0.707273 0.585761 0.043636 0.045307
2 0.742727 0.569579 0.056364 0.045307
2 0.595455 0.580906 0.049091 0.035599
2 0.552727 0.584142 0.061818 0.048544
2 0.538182 0.558252 0.043636 0.029126
2 0.857273 0.600324 0.049091 0.048544
2 0.550909 0.665049 0.072727 0.055016
2 0.404545 0.645631 0.140000 0.074434
