2 0.905455 0.921818 0.105455 0.083636
2 0.738182 0.846364 0.069091 0.052727
2 0.705455 0.975455 0.098182 0.049091
2 0.452727 0.784545 0.043636 0.041818
2 0.606364 0.801818 0.049091 0.040000
2 0.609091 0.746364 0.029091 0.049091
2 0.383636 0.745455 0.029091 0.021818
2 0.630000 0.715455 0.023636 0.023636
2 0.443636 0.756364 0.032727 0.025455
2 0.568182 0.723636 0.020000 0.025455
2 0.578182 0.700000 0.014545 0.018182
2 0.679091 0.729091 0.023636 0.018182
2 0.551818 0.753636 0.038182 0.049091
2 0.525455 0.712727 0.025455 0.029091
2 0.105455 0.990000 0.061818 0.020000
2 0.740000 0.784545 0.050909 0.038182
5 0.621818 0.662727 0.018182 0.020000
2 0.607273 0.680909 0.010909 0.012727
2 0.548182 0.689091 0.016364 0.018182
2 0.529091 0.688182 0.014545 0.016364
2 0.445455 0.730000 0.021818 0.016364
2 0.488182 0.722727 0.023636 0.023636
2 0.460909 0.712727 0.012727 0.018182
2 0.479091 0.697273 0.012727 0.012727
2 0.506364 0.694545 0.012727 0.010909
2 0.645455 0.742727 0.029091 0.023636
