2 0.533910 0.877010 0.300322 0.178187
0 0.721067 0.857448 0.115428 0.276487
0 0.959543 0.871389 0.068144 0.228131
0 0.306540 0.884268 0.093298 0.231464
2 0.197503 0.898393 0.143795 0.118064
2 0.267851 0.882623 0.280921 0.151493
0 0.823419 0.887645 0.236974 0.220593
2 0.432013 0.796009 0.068199 0.030270
2 0.987309 0.805150 0.024595 0.082648
2 0.871241 0.807054 0.122461 0.118622
2 0.390786 0.809672 0.056012 0.039492
0 0.229732 0.809389 0.031750 0.054913
2 0.683376 0.790307 0.077398 0.049467
2 0.844713 0.779385 0.064165 0.061051