5 0.883061 0.950574 0.101473 0.096316
5 0.284051 0.939013 0.076763 0.078055
2 0.400952 0.959153 0.047508 0.051896
2 0.472327 0.971985 0.041793 0.047560
2 0.673733 0.939539 0.038031 0.027866
2 0.754320 0.974699 0.045195 0.046367
2 0.737029 0.936776 0.040152 0.039013
2 0.587433 0.899402 0.027728 0.022633
2 0.643534 0.912906 0.030336 0.024519
2 0.487010 0.910683 0.033060 0.026527
2 0.466639 0.891523 0.023974 0.020642
2 0.432626 0.881228 0.021833 0.020879
2 0.687697 0.904867 0.034202 0.031753
2 0.631979 0.986285 0.050154 0.027431
2 0.613268 0.939263 0.040357 0.039618