5 0.832401 0.868521 0.335199 0.261938
5 0.528880 0.674812 0.206309 0.182292
2 0.860130 0.703187 0.125002 0.061475
2 0.309960 0.753002 0.090918 0.070661
2 0.611682 0.835382 0.116882 0.105421
2 0.704539 0.634049 0.072579 0.042792
5 0.121228 0.953785 0.224438 0.091808
2 0.231258 0.868332 0.146462 0.117878
2 0.423846 0.815036 0.121175 0.134020
2 0.262740 0.552758 0.033340 0.024963
2 0.607482 0.625147 0.087377 0.054302
7 0.424052 0.814782 0.120963 0.132923
2 0.260518 0.580435 0.037811 0.027396
2 0.373764 0.659167 0.067263 0.061597
2 0.580077 0.583702 0.035840 0.028583
7 0.118823 0.953488 0.230133 0.092500
2 0.980178 0.782780 0.038468 0.057612
2 0.830151 0.614283 0.058155 0.039569
2 0.404567 0.607290 0.049472 0.037716