2 0.216499 0.876095 0.304525 0.178415
2 0.946749 0.815854 0.105882 0.095907
0 0.636351 0.881366 0.079246 0.233659
1 0.772059 0.904389 0.093187 0.122724
2 0.390324 0.817976 0.102674 0.075379
2 0.083907 0.844472 0.167814 0.137431
2 0.734462 0.804863 0.180727 0.108624
0 0.507081 0.843218 0.049394 0.149525
2 0.872123 0.802370 0.114754 0.067695
2 0.568941 0.818342 0.068118 0.084883
2 0.017362 0.953952 0.034266 0.091076
0 0.758051 0.858133 0.049073 0.166940
2 0.489805 0.830622 0.152255 0.114142
0 0.537121 0.849671 0.046778 0.155664
0 0.790608 0.835256 0.056176 0.141326
2 0.454631 0.845751 0.077636 0.083268
2 0.603715 0.813073 0.136748 0.097181