2 0.884042 0.686173 0.122790 0.063383
2 0.633470 0.686931 0.097368 0.074915
5 0.485322 0.913489 0.172514 0.171829
2 0.895695 0.885083 0.208241 0.192995
2 0.710950 0.654638 0.089257 0.057832
2 0.625772 0.799996 0.136724 0.122604
2 0.430104 0.680950 0.072617 0.071579
2 0.424850 0.770738 0.096381 0.105556
2 0.703891 0.610640 0.070239 0.037698
2 0.775780 0.611762 0.074780 0.047051
0 0.160133 0.691074 0.025184 0.065385
2 0.479494 0.621895 0.089023 0.099942
2 0.368836 0.619938 0.053287 0.053053
2 0.116382 0.565472 0.044907 0.033563
2 0.931772 0.804866 0.135664 0.120554
2 0.548067 0.551092 0.043711 0.047089
2 0.628372 0.570664 0.051281 0.034238
2 0.432820 0.582316 0.035833 0.040555
2 0.357429 0.559969 0.043791 0.040184
7 0.485016 0.913784 0.172427 0.171558
2 0.486748 0.512505 0.026140 0.017586
2 0.520752 0.595892 0.042824 0.037773
2 0.465560 0.498752 0.022256 0.017583