5 0.057316 0.815478 0.113806 0.211865
2 0.951005 0.954508 0.097186 0.088579
2 0.588440 0.676429 0.049358 0.048030
2 0.651920 0.740222 0.067097 0.059827
5 0.724478 0.612713 0.062548 0.060222
2 0.426524 0.825102 0.077502 0.085740
2 0.635181 0.641338 0.037143 0.026719
2 0.436168 0.720314 0.053731 0.051840
2 0.712877 0.708959 0.050535 0.046184
2 0.662412 0.673175 0.055942 0.048721
2 0.358130 0.701398 0.056454 0.062797
2 0.454024 0.650505 0.036049 0.031958
2 0.788034 0.934711 0.132463 0.110057
5 0.841431 0.667643 0.086546 0.093337
7 0.101311 0.894264 0.123642 0.127029
2 0.306174 0.813733 0.085164 0.079506
2 0.972956 0.875409 0.053557 0.071058
5 0.383093 0.649554 0.059740 0.078345
2 0.551474 0.608462 0.030531 0.021301
7 0.779986 0.747756 0.085050 0.080879
2 0.780068 0.746068 0.082423 0.077390
2 0.859404 0.748329 0.086447 0.064780
7 0.658605 0.595643 0.042840 0.045836
2 0.312649 0.673623 0.038992 0.035746
2 0.609288 0.618462 0.028787 0.022329
0 0.991608 0.728670 0.016087 0.051182
5 0.013027 0.692490 0.025788 0.076901
5 0.657981 0.595409 0.042458 0.045138
2 0.584224 0.606252 0.025221 0.013855