5 0.134545 0.881877 0.265455 0.216828
2 0.388182 0.877023 0.100000 0.077670
2 0.806364 0.967638 0.125455 0.064725
2 0.571818 0.912621 0.107273 0.090615
2 0.512727 0.886731 0.072727 0.071197
2 0.720000 0.899676 0.083636 0.051780
2 0.740909 0.794498 0.030909 0.035599
2 0.664545 0.870550 0.067273 0.058252
2 0.305455 0.838188 0.076364 0.058252
2 0.840000 0.849515 0.072727 0.087379
7 0.840909 0.860841 0.070909 0.110032
2 0.630000 0.783172 0.041818 0.032362
2 0.814545 0.776699 0.043636 0.032362
2 0.590000 0.836570 0.092727 0.061489
2 0.411818 0.836570 0.078182 0.042071
2 0.428182 0.792880 0.067273 0.051780
