5 0.087452 0.778599 0.172683 0.148631
5 0.244629 0.803326 0.165020 0.184401
2 0.835311 0.967071 0.149454 0.064790
2 0.553532 0.673946 0.035393 0.024623
5 0.716897 0.648881 0.060455 0.048336
2 0.740994 0.709257 0.046636 0.033394
2 0.701707 0.717164 0.049364 0.034348
2 0.468877 0.640168 0.026199 0.016521
2 0.649359 0.686703 0.041300 0.022802
2 0.603655 0.653722 0.029639 0.019401
2 0.813306 0.799617 0.085415 0.071812
5 0.636339 0.636377 0.044825 0.041676
2 0.705787 0.685162 0.037588 0.023824
2 0.324835 0.700083 0.045135 0.039651
2 0.564250 0.649013 0.030847 0.017382
2 0.400086 0.647893 0.030574 0.021106