2 0.644588 0.707375 0.069087 0.114739
2 0.792332 0.777270 0.093768 0.139798
2 0.333033 0.797479 0.095221 0.167007
2 0.325796 0.598076 0.059460 0.093201
2 0.645453 0.482868 0.037001 0.047578
2 0.230708 0.649499 0.081966 0.103397
2 0.582432 0.413190 0.025421 0.034136
2 0.551371 0.440652 0.030351 0.038942
2 0.550485 0.520290 0.035210 0.065762
2 0.221832 0.799708 0.109825 0.161222
5 0.072838 0.487638 0.070059 0.076272
7 0.222252 0.798860 0.108159 0.162534
2 0.626146 0.415009 0.025422 0.034730
5 0.790644 0.342528 0.047048 0.062370
2 0.389827 0.507919 0.049436 0.035117
2 0.358211 0.470846 0.037076 0.044301
7 0.229181 0.650314 0.084068 0.102666
2 0.455321 0.462960 0.029418 0.056802
2 0.409784 0.563767 0.055028 0.092933
5 0.829758 0.364100 0.039229 0.051676
7 0.324842 0.598422 0.060257 0.094601