5 0.157450 0.789240 0.153096 0.128845
2 0.886839 0.908575 0.112214 0.086476
2 0.621673 0.764086 0.054024 0.054783
2 0.595971 0.710405 0.034759 0.026814
2 0.415085 0.720648 0.035465 0.033309
2 0.695520 0.858402 0.080126 0.075707
2 0.540993 0.691931 0.029832 0.025708
5 0.772692 0.701062 0.075393 0.071265
2 0.346539 0.735820 0.039153 0.035482
2 0.725398 0.793552 0.061925 0.051689
2 0.370363 0.831409 0.071247 0.075633
5 0.618331 0.651534 0.039765 0.036865
2 0.621465 0.701314 0.029615 0.023206
2 0.394954 0.980486 0.083422 0.039027
5 0.577594 0.641183 0.027299 0.031994
2 0.421028 0.687804 0.025071 0.021633
2 0.577279 0.890697 0.045557 0.054629
0 0.966085 0.779685 0.019344 0.046417