2 0.446364 0.863894 0.169091 0.102079
2 0.730909 0.936673 0.330909 0.122873
2 0.205455 0.866730 0.254545 0.160681
2 0.573636 0.845936 0.118182 0.085066
2 0.853636 0.918715 0.205455 0.155009
2 0.026364 0.926276 0.049091 0.139887
2 0.338182 0.964083 0.592727 0.068053
2 0.015455 0.946125 0.027273 0.100189
2 0.959091 0.845936 0.081818 0.077505
2 0.947273 0.868620 0.105455 0.092628
2 0.636364 0.840265 0.065455 0.073724
2 0.693636 0.842155 0.070909 0.069943
2 0.776364 0.831758 0.065455 0.052930
7 0.334545 0.801512 0.101818 0.052930
2 0.404545 0.810019 0.027273 0.035917
