5 0.885114 0.813563 0.227715 0.238405
2 0.787476 0.932339 0.137283 0.114406
2 0.284020 0.658206 0.041209 0.039861
2 0.554599 0.631002 0.034508 0.030089
5 0.575212 0.756482 0.139524 0.183039
2 0.594048 0.630640 0.037286 0.036525
2 0.423084 0.581079 0.027666 0.020883
2 0.564804 0.575662 0.020989 0.017072
2 0.665490 0.757577 0.067406 0.086930
2 0.366573 0.641005 0.036625 0.030682
2 0.609679 0.663246 0.041682 0.031632
5 0.486366 0.592831 0.046622 0.060346
5 0.917036 0.705171 0.164632 0.091315
5 0.021121 0.920645 0.041791 0.150234
2 0.527184 0.656099 0.041731 0.030441
2 0.335300 0.558172 0.028410 0.035532