2 0.359227 0.906476 0.079747 0.082448
2 0.574063 0.841068 0.060522 0.074026
2 0.844553 0.923525 0.110593 0.082026
2 0.726106 0.809133 0.066617 0.063598
2 0.547234 0.773305 0.043937 0.039610
2 0.393987 0.837134 0.060437 0.078318
2 0.633949 0.818382 0.065900 0.051937
2 0.693926 0.881053 0.087901 0.094401
2 0.325698 0.960382 0.108574 0.079236
2 0.423157 0.763194 0.038798 0.041055
2 0.235247 0.902700 0.084880 0.081513
2 0.605252 0.763580 0.042605 0.039855
2 0.143870 0.875366 0.082392 0.072939
2 0.733991 0.975041 0.106670 0.049919
2 0.067077 0.950823 0.111733 0.092606
2 0.321138 0.818903 0.059288 0.063629
2 0.938624 0.969723 0.120241 0.060554
2 0.240558 0.795406 0.053118 0.060085
2 0.359239 0.758254 0.041787 0.039432