2 0.584825 0.792497 0.067748 0.056436
2 0.339175 0.873734 0.093649 0.092576
2 0.791904 0.918965 0.141984 0.100274
2 0.667021 0.759711 0.055945 0.061481
2 0.821160 0.815073 0.092204 0.067278
2 0.401738 0.751875 0.056861 0.045798
2 0.727467 0.749398 0.062115 0.044959
2 0.419684 0.694819 0.042048 0.053589
2 0.616755 0.716135 0.054508 0.042270
2 0.555216 0.718213 0.051324 0.053052
2 0.952727 0.929915 0.093817 0.094118
2 0.629348 0.914307 0.125764 0.136172
7 0.952313 0.929726 0.094229 0.094047
2 0.715202 0.644127 0.029518 0.023120
2 0.455642 0.632094 0.022732 0.025460
2 0.801930 0.649836 0.027483 0.016245