2 0.891818 0.870550 0.216364 0.181230
2 0.686364 0.843042 0.143636 0.113269
2 0.551818 0.823625 0.078182 0.080906
2 0.411818 0.810680 0.049091 0.061489
2 0.614545 0.826861 0.043636 0.048544
0 0.190000 0.822006 0.023636 0.122977
2 0.496364 0.820388 0.040000 0.048544
2 0.460909 0.802589 0.038182 0.051780
2 0.330909 0.800971 0.025455 0.029126
2 0.767273 0.788026 0.061818 0.080906
2 0.368182 0.791262 0.034545 0.029126
0 0.306364 0.817152 0.020000 0.087379
0 0.278182 0.799353 0.018182 0.071197
0 0.051818 0.825243 0.030909 0.129450
