5 0.194679 0.765574 0.100711 0.087852
2 0.809842 0.968810 0.131844 0.061896
2 0.309089 0.889650 0.080671 0.071934
5 0.876927 0.799740 0.129326 0.116532
5 0.716263 0.712316 0.053163 0.059515
5 0.276056 0.723828 0.066256 0.065522
2 0.679079 0.777462 0.046872 0.040476
2 0.870151 0.930867 0.102269 0.096123
2 0.445251 0.779105 0.043760 0.046683
2 0.672491 0.890682 0.083989 0.067233
2 0.504047 0.684122 0.020082 0.022427
2 0.605722 0.789291 0.051844 0.041679
2 0.386645 0.939324 0.087518 0.119899
2 0.455664 0.719398 0.030032 0.027927
2 0.335527 0.750925 0.038652 0.032071
2 0.579346 0.692901 0.019844 0.016081
0 0.977763 0.853047 0.021510 0.051568
2 0.538608 0.691103 0.024145 0.025119
5 0.355127 0.681179 0.041266 0.041360
5 0.820398 0.759035 0.095514 0.081151
2 0.412206 0.725890 0.033051 0.029673
2 0.550056 0.680557 0.024177 0.017261
0 0.958625 0.814080 0.023694 0.066553
2 0.593132 0.755663 0.047697 0.047719
5 0.803391 0.708111 0.067587 0.035487