0 0.958328 0.904312 0.083016 0.191377
0 0.833982 0.910682 0.083216 0.178212
0 0.728211 0.901068 0.062686 0.183302
0 0.633856 0.866335 0.033180 0.094820
0 0.515032 0.868879 0.034834 0.131104
0 0.270491 0.863978 0.035417 0.123163
0 0.219727 0.855785 0.022103 0.069222
0 0.196030 0.851289 0.024511 0.075825
0 0.677369 0.866435 0.032979 0.090555
0 0.163566 0.869448 0.029344 0.103336
0 0.311685 0.865020 0.041120 0.126019
0 0.087254 0.874044 0.044678 0.143340
0 0.460253 0.871298 0.036256 0.130003
0 0.243046 0.853203 0.024652 0.088743
0 0.394843 0.862293 0.026851 0.109156
0 0.343307 0.859505 0.032998 0.111651
0 0.771877 0.899498 0.039052 0.161917
0 0.545321 0.873525 0.033721 0.122000
0 0.574744 0.872435 0.036761 0.124192
0 0.423686 0.871517 0.039761 0.127443
0 0.010886 0.878176 0.021496 0.131582