2 0.371016 0.943989 0.103304 0.107657
2 0.360680 0.761788 0.055238 0.054114
2 0.256403 0.901813 0.098695 0.091531
2 0.616722 0.823979 0.069997 0.062916
2 0.665572 0.929111 0.099708 0.096139
5 0.776654 0.767864 0.084718 0.098662
2 0.586162 0.754951 0.048708 0.047568
2 0.448521 0.715540 0.034167 0.045027
2 0.619397 0.730331 0.041506 0.032324
2 0.725086 0.827474 0.086191 0.085521
2 0.412431 0.801042 0.064519 0.076595
2 0.256205 0.781603 0.052040 0.049961
2 0.698958 0.732818 0.045728 0.037816
2 0.550149 0.688002 0.032677 0.026006
2 0.282742 0.746059 0.055778 0.058206
5 0.890678 0.672408 0.072206 0.051234
2 0.983733 0.726101 0.031307 0.028522
2 0.569376 0.708903 0.032705 0.028117
2 0.879617 0.735160 0.056347 0.036093
2 0.089213 0.916962 0.112674 0.115843
2 0.662157 0.695249 0.030594 0.032954
2 0.466939 0.685494 0.030970 0.034928
7 0.935201 0.922853 0.129514 0.107340
2 0.411200 0.700287 0.036204 0.033822
7 0.089334 0.916646 0.111862 0.115518