2 0.672727 0.517336 0.090909 0.031022
2 0.821818 0.506387 0.076364 0.034672
2 0.542727 0.509124 0.089091 0.032847
2 0.414545 0.501825 0.083636 0.040146
2 0.452727 0.424270 0.083636 0.038321
2 0.500909 0.454380 0.067273 0.029197
2 0.519091 0.402372 0.078182 0.034672
2 0.189091 0.419708 0.098182 0.047445
2 0.270909 0.479927 0.076364 0.040146
2 0.155455 0.444343 0.078182 0.038321
2 0.300909 0.389599 0.070909 0.031022
2 0.016364 0.478102 0.029091 0.043796
2 0.838182 0.466241 0.087273 0.038321
2 0.979091 0.498175 0.041818 0.032847
2 0.910909 0.413321 0.054545 0.034672
2 0.967273 0.384124 0.065455 0.027372
2 0.100000 0.493613 0.083636 0.038321
