2 0.523636 0.406934 0.083636 0.040146
2 0.456364 0.426095 0.087273 0.038321
2 0.500909 0.456204 0.063636 0.029197
2 0.538182 0.502737 0.090909 0.038321
2 0.675455 0.516423 0.081818 0.032847
2 0.702727 0.490876 0.070909 0.029197
2 0.818182 0.503650 0.076364 0.029197
2 0.838182 0.462591 0.072727 0.031022
2 0.981818 0.499088 0.036364 0.027372
2 0.910000 0.415146 0.063636 0.031022
2 0.962727 0.384124 0.074545 0.034672
2 0.416364 0.501825 0.083636 0.036496
2 0.270000 0.478102 0.074545 0.029197
2 0.300909 0.387774 0.070909 0.027372
2 0.181818 0.418796 0.105455 0.052920
2 0.154545 0.444343 0.069091 0.034672
2 0.012727 0.479927 0.021818 0.025547
2 0.103636 0.487226 0.065455 0.036496
