0 0.097273 0.804612 0.190909 0.390777
2 0.339091 0.702670 0.212727 0.186893
0 0.915455 0.643204 0.078182 0.184466
2 0.649091 0.635922 0.134545 0.092233
1 0.135455 0.887136 0.267273 0.225728
2 0.229091 0.662621 0.076364 0.067961
2 0.481818 0.625000 0.050909 0.046117
1 0.190909 0.912621 0.156364 0.174757
2 0.841818 0.591019 0.029091 0.036408
2 0.550000 0.617718 0.096364 0.080097
2 0.570909 0.629854 0.072727 0.065534
2 0.808182 0.612864 0.052727 0.055825
5 0.717273 0.571602 0.096364 0.075243
5 0.800909 0.577670 0.074545 0.048544
5 0.770000 0.606796 0.041818 0.043689
