2 0.808527 0.935527 0.129308 0.116146
2 0.768880 0.757644 0.074470 0.059061
5 0.845831 0.666112 0.113197 0.098148
2 0.857138 0.818489 0.095109 0.080014
2 0.943753 0.801991 0.097868 0.069954
2 0.222253 0.778441 0.074837 0.074365
2 0.442591 0.906971 0.102324 0.116043
2 0.402902 0.694262 0.041309 0.051930
2 0.461579 0.758460 0.064878 0.065913
2 0.671144 0.648493 0.036512 0.029597
5 0.732146 0.680872 0.073962 0.112249
2 0.986202 0.873632 0.027085 0.072294
2 0.320640 0.691120 0.049667 0.040100
7 0.320640 0.821102 0.098544 0.129965
2 0.701352 0.789358 0.080180 0.079081
2 0.052335 0.958306 0.104369 0.078713
2 0.647861 0.731444 0.059833 0.057333
2 0.567242 0.600527 0.026610 0.019271
2 0.432822 0.639125 0.032621 0.028418
2 0.013556 0.787039 0.026844 0.037086
2 0.467360 0.675019 0.040262 0.038083
5 0.636251 0.603697 0.062998 0.055703