5 0.831254 0.757935 0.229467 0.184755
2 0.408035 0.699709 0.048333 0.045272
2 0.640265 0.698957 0.047004 0.038485
2 0.608876 0.656358 0.041562 0.043728
2 0.783148 0.875656 0.119950 0.104624
2 0.402312 0.782904 0.070354 0.068424
2 0.889091 0.654944 0.042494 0.022638
2 0.449888 0.653299 0.037740 0.028274
2 0.343981 0.655217 0.033345 0.026376
2 0.182811 0.654542 0.035569 0.023898
2 0.564021 0.706415 0.046520 0.043642
2 0.554742 0.667380 0.038586 0.039328
5 0.016714 0.858747 0.033136 0.211549
2 0.580149 0.633595 0.028307 0.020522
2 0.382289 0.635659 0.031298 0.022586
2 0.264419 0.937527 0.126956 0.124162
2 0.414927 0.604760 0.027627 0.021656
2 0.555809 0.601672 0.024401 0.022518
2 0.959095 0.687283 0.058199 0.033520
2 0.272857 0.643722 0.028128 0.015959
7 0.265457 0.936937 0.127351 0.123664
2 0.296339 0.689403 0.041569 0.040308
5 0.056163 0.646466 0.094168 0.062533
2 0.819267 0.613647 0.026515 0.024488
2 0.724968 0.622364 0.025763 0.019371
7 0.192924 0.777713 0.085642 0.062332
2 0.463617 0.624160 0.028714 0.023881
2 0.294509 0.617111 0.021846 0.017504
2 0.594200 0.609874 0.035269 0.021741
2 0.227929 0.653572 0.035697 0.025199