2 0.873636 0.842593 0.107273 0.085185
2 0.959091 0.966667 0.081818 0.066667
2 0.216364 0.831481 0.116364 0.088889
2 0.790909 0.920370 0.130909 0.151852
2 0.969091 0.898148 0.061818 0.074074
2 0.720000 0.783333 0.076364 0.059259
2 0.844545 0.770370 0.085455 0.070370
2 0.029091 0.875926 0.054545 0.100000
2 0.623636 0.853704 0.094545 0.100000
2 0.743636 0.671296 0.047273 0.035185
2 0.599091 0.724074 0.074545 0.059259
2 0.512727 0.610185 0.029091 0.024074
2 0.466364 0.610185 0.030909 0.031481
2 0.720909 0.732407 0.060000 0.050000
2 0.726364 0.645370 0.034545 0.016667
2 0.735455 0.848148 0.092727 0.081481
2 0.484545 0.642593 0.038182 0.040741
2 0.601818 0.675000 0.040000 0.035185
2 0.430000 0.713889 0.063636 0.068519
2 0.296364 0.701852 0.061818 0.059259
2 0.396364 0.637963 0.040000 0.031481
2 0.441818 0.642593 0.040000 0.040741
2 0.680909 0.672222 0.045455 0.033333
2 0.690000 0.697222 0.038182 0.042593
2 0.703636 0.713889 0.054545 0.042593
2 0.611818 0.789815 0.078182 0.075926
2 0.667273 0.650000 0.040000 0.033333
2 0.606364 0.645370 0.049091 0.035185
2 0.950000 0.699074 0.052727 0.038889
2 0.420000 0.613889 0.032727 0.024074
