2 0.576968 0.775045 0.051859 0.042930
2 0.646163 0.937805 0.114131 0.087880
2 0.679481 0.830296 0.072905 0.061375
2 0.555282 0.722380 0.033022 0.034062
2 0.191112 0.822399 0.092168 0.060068
2 0.737473 0.785279 0.067910 0.045209
2 0.836940 0.961034 0.160362 0.076868
2 0.355627 0.699448 0.028340 0.021225
2 0.434271 0.724714 0.039904 0.031503
2 0.642445 0.767959 0.052938 0.042091
2 0.596514 0.716093 0.033077 0.033657
2 0.394040 0.807431 0.065001 0.073545
2 0.673436 0.733424 0.044083 0.030775
2 0.815691 0.719982 0.043551 0.027355
2 0.461109 0.676392 0.025274 0.022739
2 0.930330 0.918064 0.139341 0.099164
2 0.168438 0.699728 0.033784 0.018947
2 0.409412 0.692497 0.026733 0.018040
2 0.267453 0.690745 0.030481 0.019571
2 0.289630 0.973462 0.120500 0.052016
2 0.638741 0.706021 0.032274 0.023125
2 0.860708 0.699253 0.019531 0.016869
5 0.930538 0.917946 0.138924 0.098486