0 0.426364 0.630751 0.074545 0.181598
2 0.320000 0.598063 0.087273 0.096852
0 0.159091 0.628329 0.060000 0.138015
2 0.485455 0.592010 0.098182 0.089588
0 0.748182 0.590799 0.038182 0.121065
2 0.209091 0.601695 0.090909 0.089588
0 0.618182 0.595642 0.043636 0.125908
0 0.688182 0.598063 0.030909 0.121065
0 0.071818 0.599274 0.034545 0.108959
2 0.953636 0.560533 0.092727 0.046005
2 0.257273 0.581114 0.060000 0.067797
0 0.007273 0.596852 0.010909 0.079903
0 0.031818 0.594431 0.020000 0.079903
2 0.872727 0.550847 0.080000 0.050847
