2 0.637273 0.806798 0.063636 0.053667
2 0.719091 0.908766 0.096364 0.085868
5 0.735455 0.727191 0.114545 0.084079
2 0.702727 0.784436 0.060000 0.048301
2 0.439091 0.697674 0.034545 0.028623
2 0.621818 0.744186 0.047273 0.039356
2 0.819091 0.796959 0.074545 0.062612
7 0.301818 0.847943 0.090909 0.103757
2 0.527273 0.716458 0.040000 0.030411
2 0.390000 0.681574 0.027273 0.021467
2 0.554545 0.703936 0.036364 0.026834
2 0.605455 0.667263 0.021818 0.017889
2 0.560909 0.656530 0.027273 0.017889
2 0.378182 0.649374 0.025455 0.014311
2 0.428182 0.652057 0.016364 0.012522
2 0.640909 0.726297 0.034545 0.035778
2 0.340000 0.661002 0.036364 0.033989
2 0.552727 0.688730 0.032727 0.028623
2 0.451818 0.672630 0.027273 0.025045
5 0.728182 0.678891 0.078182 0.044723
2 0.930000 0.720930 0.041818 0.028623
