2 0.698796 0.968444 0.089998 0.062135
5 0.923722 0.913789 0.151721 0.160081
5 0.217205 0.836684 0.112915 0.104770
2 0.844280 0.971441 0.088661 0.055302
2 0.442899 0.875677 0.052176 0.051680
5 0.710480 0.782400 0.049667 0.060654
2 0.650505 0.810233 0.036535 0.027739
2 0.254800 0.896785 0.060607 0.056303
2 0.730571 0.892757 0.062919 0.049924
5 0.314812 0.783746 0.059548 0.059558
2 0.637490 0.914472 0.061368 0.056289
5 0.596501 0.815844 0.068507 0.083529
5 0.552571 0.884921 0.083449 0.125416
2 0.347087 0.810009 0.033919 0.034821
5 0.808568 0.824317 0.080031 0.092838
5 0.864020 0.853682 0.092361 0.105405
2 0.420127 0.760317 0.023532 0.017729
2 0.704434 0.829093 0.040060 0.031208
2 0.415555 0.778044 0.027507 0.019431
2 0.522503 0.758081 0.024997 0.021443
7 0.323741 0.900210 0.068973 0.070736
2 0.552218 0.906739 0.082212 0.081171
5 0.750008 0.801488 0.041225 0.062152
5 0.185587 0.787482 0.069225 0.033601
2 0.514628 0.751922 0.022646 0.017733
2 0.563489 0.763662 0.027712 0.020921