2 0.690000 0.548426 0.125455 0.089588
0 0.777273 0.589588 0.063636 0.162228
0 0.845455 0.550847 0.036364 0.094431
0 0.523636 0.533898 0.021818 0.079903
7 0.787273 0.489104 0.167273 0.125908
0 0.940909 0.546005 0.023636 0.089588
0 0.989091 0.559322 0.021818 0.135593
0 0.964545 0.550847 0.030909 0.094431
3 0.778182 0.616223 0.105455 0.113801
0 0.267273 0.538741 0.025455 0.089588
0 0.026364 0.573850 0.030909 0.130751
0 0.375455 0.535109 0.027273 0.106538
0 0.300909 0.521792 0.027273 0.070218
0 0.235455 0.529056 0.020000 0.104116
0 0.049091 0.555690 0.032727 0.162228
0 0.108182 0.514528 0.038182 0.104116
0 0.082727 0.496368 0.020000 0.082324
0 0.011818 0.523002 0.020000 0.130751
