2 0.348182 0.900726 0.423636 0.198547
2 0.770000 0.880145 0.245455 0.113801
2 0.930909 0.872881 0.138182 0.099274
2 0.483636 0.861985 0.130909 0.101695
2 0.550000 0.822034 0.049091 0.046005
2 0.656364 0.809927 0.058182 0.046005
2 0.018182 0.826877 0.032727 0.046005
2 0.805455 0.829298 0.083636 0.041162
2 0.577273 0.805085 0.020000 0.026634
2 0.590909 0.795400 0.040000 0.036320
2 0.616364 0.812349 0.029091 0.031477
2 0.450909 0.819613 0.098182 0.050847
2 0.695455 0.837772 0.096364 0.053269
2 0.830909 0.803874 0.090909 0.043584
0 0.110000 0.836562 0.027273 0.084746
