5 0.841818 0.773608 0.312727 0.186441
0 0.040000 0.834140 0.040000 0.147700
0 0.333636 0.886199 0.056364 0.227603
0 0.085455 0.824455 0.036364 0.133172
0 0.413636 0.884988 0.052727 0.230024
0 0.151818 0.823245 0.034545 0.130751
2 0.356364 0.819613 0.250909 0.108959
0 0.116364 0.805085 0.029091 0.108959
0 0.205455 0.852300 0.054545 0.164649
0 0.008182 0.818402 0.012727 0.116223
0 0.022727 0.805085 0.023636 0.089588
2 0.471818 0.790557 0.085455 0.055690
2 0.562727 0.788136 0.074545 0.041162
0 0.249091 0.911622 0.083636 0.176755
3 0.256364 0.946731 0.163636 0.106538
