2 0.510711 0.855638 0.076252 0.102038
2 0.092148 0.779102 0.086603 0.097801
2 0.050308 0.938858 0.100193 0.120721
5 0.039087 0.640878 0.077771 0.119382
2 0.108603 0.643491 0.051360 0.052462
2 0.600326 0.821310 0.094712 0.096926
2 0.280570 0.727200 0.062632 0.081035
2 0.449514 0.729167 0.056463 0.064528
2 0.504227 0.700885 0.054432 0.054552
2 0.436251 0.672992 0.040579 0.051514
2 0.261135 0.834411 0.087489 0.109230
2 0.387857 0.755097 0.056388 0.079659
2 0.362187 0.877627 0.076440 0.122222
2 0.172628 0.593632 0.034228 0.035627
2 0.254065 0.611675 0.034277 0.038803
2 0.483398 0.654668 0.040023 0.035219
2 0.203979 0.616824 0.038690 0.035710
2 0.359231 0.695212 0.042988 0.047472
2 0.297806 0.660166 0.038115 0.038607
5 0.459970 0.590737 0.038824 0.077246
2 0.414096 0.643095 0.033842 0.029292
2 0.209327 0.573831 0.027491 0.023570
5 0.395452 0.536060 0.047018 0.040649
2 0.222436 0.954660 0.127617 0.090680
2 0.319587 0.630275 0.028839 0.031178