2 0.767193 0.853580 0.104229 0.092822
2 0.685850 0.771338 0.072752 0.068535
5 0.288203 0.715234 0.138972 0.142197
2 0.648603 0.714622 0.063419 0.059423
2 0.830289 0.785016 0.093066 0.079591
2 0.411879 0.710264 0.058767 0.081470
2 0.717004 0.697812 0.053436 0.046756
7 0.131564 0.795122 0.103437 0.098353
2 0.285569 0.984946 0.103669 0.030107
2 0.611496 0.664537 0.047401 0.043851
2 0.947525 0.906554 0.103825 0.124075
2 0.345365 0.830918 0.092902 0.128503
2 0.545751 0.670850 0.044963 0.047664
2 0.523929 0.603627 0.025666 0.031012
7 0.947591 0.906366 0.103773 0.124552
2 0.268214 0.612766 0.028035 0.022674
2 0.132126 0.794774 0.101932 0.098748
2 0.575850 0.644442 0.035215 0.023305
2 0.650315 0.644743 0.046141 0.044488
2 0.184585 0.741678 0.057654 0.062938
2 0.014067 0.723248 0.028012 0.060020
2 0.656459 0.588183 0.020949 0.017598
7 0.345276 0.831891 0.092696 0.128652
2 0.084517 0.684544 0.038619 0.043751
2 0.024670 0.909453 0.048871 0.100551
2 0.987319 0.747391 0.024557 0.038191
5 0.845850 0.630427 0.065389 0.061525