2 0.631784 0.778994 0.077386 0.060924
2 0.884644 0.945862 0.152688 0.108275
2 0.236946 0.741953 0.067800 0.055579
2 0.885227 0.779682 0.094793 0.075903
2 0.337660 0.786689 0.076934 0.075960
2 0.764991 0.717007 0.068569 0.049333
2 0.396523 0.674614 0.050725 0.046704
2 0.456831 0.680883 0.047286 0.046794
2 0.677235 0.690958 0.051485 0.042950
2 0.770574 0.811774 0.101859 0.083951
2 0.726793 0.751000 0.065169 0.055203
2 0.717897 0.955507 0.139425 0.088986
2 0.840663 0.653514 0.044950 0.030508
2 0.367032 0.869567 0.103204 0.103238
2 0.614772 0.725282 0.066056 0.061901
2 0.032718 0.893471 0.065248 0.112578
2 0.646902 0.670426 0.041361 0.031206
2 0.069333 0.642400 0.040967 0.023631
2 0.594801 0.684432 0.043821 0.038858
2 0.030169 0.734231 0.060274 0.053606
2 0.114039 0.812173 0.133554 0.133484
7 0.367012 0.869662 0.103058 0.103717
2 0.267942 0.715135 0.062503 0.042348
7 0.032600 0.893965 0.064600 0.111207
7 0.113895 0.812341 0.135090 0.133869
2 0.580019 0.657627 0.039873 0.032124
2 0.732535 0.677346 0.049224 0.039439
2 0.419778 0.641500 0.035044 0.030161
2 0.299850 0.691790 0.046053 0.038932