5 0.851847 0.760219 0.121479 0.118021
2 0.645871 0.841650 0.084138 0.076135
2 0.406251 0.856545 0.096662 0.101752
2 0.767515 0.838331 0.103516 0.081129
2 0.110233 0.867133 0.111771 0.097635
5 0.333499 0.735383 0.126737 0.139175
2 0.162260 0.808404 0.086681 0.081918
2 0.713152 0.942569 0.119446 0.113150
2 0.216311 0.911402 0.121818 0.112972
5 0.053777 0.712474 0.107106 0.116488
2 0.440678 0.752382 0.058967 0.073801
2 0.231682 0.756037 0.071509 0.058709
2 0.648740 0.681972 0.042918 0.041381
2 0.734541 0.695180 0.045644 0.042512
2 0.695551 0.731837 0.064456 0.052129
2 0.888559 0.958908 0.168451 0.082184
5 0.944420 0.866934 0.110611 0.120157
2 0.429594 0.647628 0.034483 0.043044
2 0.613941 0.780099 0.068911 0.065075
2 0.727293 0.784455 0.077494 0.065645
2 0.607436 0.724692 0.053806 0.058503
2 0.586049 0.589280 0.023365 0.017533
2 0.019814 0.932267 0.039120 0.130264
2 0.679615 0.706637 0.047638 0.040514
2 0.838758 0.640623 0.033100 0.026305
2 0.593305 0.672281 0.046002 0.049617
5 0.900008 0.958602 0.188952 0.082626
2 0.469814 0.672404 0.045424 0.052582
2 0.776163 0.737597 0.047164 0.058306