2 0.300018 0.621948 0.047090 0.033923
2 0.790373 0.632326 0.056224 0.046168
5 0.658273 0.732990 0.118277 0.182005
2 0.546635 0.652212 0.043814 0.047921
2 0.514007 0.786390 0.085520 0.093554
2 0.434845 0.645351 0.036781 0.036373
2 0.102961 0.635939 0.056590 0.041670
2 0.667607 0.589306 0.033166 0.032208
2 0.077687 0.971475 0.154112 0.055274
2 0.017724 0.666713 0.035264 0.040561
2 0.031226 0.628955 0.034898 0.026209
2 0.461025 0.585802 0.026284 0.017944
2 0.072889 0.620613 0.038695 0.030776
2 0.923484 0.581410 0.029842 0.018328
2 0.436541 0.602473 0.032516 0.026386
2 0.614544 0.583044 0.027463 0.030017
2 0.636275 0.623208 0.080286 0.039665
2 0.500910 0.550111 0.017868 0.017472