2 0.804545 0.792978 0.052727 0.046005
2 0.674545 0.780872 0.043636 0.041162
2 0.537273 0.719128 0.027273 0.029056
2 0.490000 0.734867 0.027273 0.036320
5 0.372727 0.903148 0.112727 0.193705
2 0.439091 0.805085 0.038182 0.055690
7 0.523636 0.923729 0.061818 0.108959
7 0.373636 0.904358 0.110909 0.191283
2 0.441818 0.742131 0.036364 0.041162
2 0.642727 0.740920 0.030909 0.033898
2 0.564545 0.710654 0.030909 0.026634
2 0.610000 0.710654 0.023636 0.026634
2 0.698182 0.722760 0.032727 0.026634
2 0.669091 0.707022 0.025455 0.024213
2 0.519091 0.675545 0.020000 0.019370
2 0.356364 0.786925 0.050909 0.048426
2 0.391818 0.673123 0.016364 0.019370
2 0.434545 0.759080 0.032727 0.041162
