2 0.065908 0.842343 0.129049 0.112990
2 0.699316 0.730590 0.097710 0.079877
5 0.772530 0.570951 0.094921 0.070997
2 0.897325 0.785546 0.124374 0.090331
2 0.789418 0.815152 0.114031 0.091614
2 0.342154 0.663411 0.058760 0.054297
2 0.318998 0.990508 0.119969 0.018457
2 0.830545 0.702956 0.091389 0.059454
2 0.537350 0.660639 0.047930 0.045609
2 0.432526 0.664678 0.059866 0.056236
2 0.570301 0.745679 0.077789 0.075896
2 0.644588 0.674549 0.062024 0.049183
2 0.267609 0.652527 0.060852 0.048703
2 0.332102 0.596888 0.036567 0.024164
2 0.636575 0.579056 0.035416 0.025776
2 0.440011 0.594174 0.040752 0.043779
2 0.950257 0.888839 0.099485 0.162873
7 0.950214 0.890019 0.099571 0.164364
2 0.358059 0.574429 0.032749 0.024468
2 0.711862 0.631804 0.055030 0.043428
2 0.629799 0.639640 0.053060 0.040253
2 0.607740 0.605491 0.049358 0.031487
2 0.740172 0.606515 0.042734 0.033606