2 0.590104 0.905542 0.078643 0.100355
2 0.738881 0.945734 0.112008 0.108532
2 0.339953 0.827981 0.077181 0.088603
5 0.936577 0.963915 0.126012 0.072169
2 0.458366 0.760218 0.049747 0.063531
2 0.220308 0.862102 0.100989 0.097752
5 0.660084 0.674805 0.065795 0.085416
5 0.577264 0.651904 0.039062 0.055445
2 0.551814 0.750605 0.043882 0.053319
2 0.288553 0.923143 0.102904 0.124961
2 0.687537 0.850845 0.088346 0.089001
2 0.204276 0.980022 0.107517 0.039957
2 0.773589 0.833204 0.082803 0.076395
2 0.386919 0.753733 0.051133 0.067734
5 0.845058 0.925021 0.116705 0.115498
2 0.625014 0.754623 0.047881 0.046991
5 0.687523 0.852770 0.086947 0.088135
2 0.310468 0.773627 0.066548 0.069800
2 0.646871 0.791733 0.053943 0.064432
2 0.707583 0.775568 0.074749 0.063864
5 0.426024 0.881906 0.074881 0.113464