0 0.666364 0.862460 0.020000 0.087379
2 0.499091 0.644013 0.027273 0.045307
2 0.311818 0.797735 0.067273 0.093851
2 0.170000 0.940129 0.125455 0.119741
7 0.230909 0.737864 0.116364 0.226537
2 0.795455 0.771845 0.060000 0.067961
5 0.561818 0.671521 0.058182 0.132686
2 0.563636 0.708738 0.054545 0.064725
5 0.230000 0.737864 0.118182 0.226537
2 0.363636 0.690939 0.040000 0.061489
2 0.300909 0.723301 0.045455 0.061489
2 0.042727 0.966019 0.081818 0.067961
2 0.415455 0.635922 0.027273 0.042071
2 0.368182 0.639159 0.034545 0.055016
2 0.789091 0.705502 0.047273 0.077670
0 0.836364 0.716828 0.014545 0.055016
0 0.900909 0.783172 0.012727 0.077670
0 0.894545 0.754045 0.010909 0.058252
0 0.883636 0.758900 0.010909 0.067961
0 0.729091 0.969256 0.018182 0.061489
2 0.950909 0.935275 0.098182 0.129450
2 0.408182 0.601942 0.027273 0.032362
2 0.443636 0.593851 0.025455 0.029126
2 0.513636 0.593851 0.023636 0.035599
2 0.485455 0.580906 0.018182 0.029126
