2 0.375828 0.899304 0.031492 0.035706
2 0.434548 0.861929 0.030991 0.033016
2 0.362140 0.906890 0.027260 0.034552
2 0.315603 0.933752 0.033900 0.044560
2 0.135723 0.904988 0.030446 0.035993
2 0.161525 0.890547 0.028049 0.035957
2 0.337102 0.918738 0.032891 0.041260
2 0.171467 0.970447 0.039587 0.050251
2 0.269068 0.960923 0.034741 0.048817
2 0.113328 0.915067 0.028017 0.034530
2 0.219498 0.943601 0.031841 0.039435
2 0.083267 0.846423 0.021761 0.025714
2 0.225411 0.820543 0.042651 0.038404
2 0.399241 0.883447 0.028817 0.028767
2 0.246724 0.928915 0.034488 0.037554
2 0.195393 0.958112 0.031208 0.040391
2 0.265851 0.914764 0.029952 0.034768
2 0.291495 0.818786 0.045245 0.057410
2 0.929877 0.695114 0.030815 0.030297
2 0.103396 0.834127 0.032610 0.028051
2 0.113289 0.985251 0.029852 0.029498
2 0.130433 0.984129 0.065321 0.031742
2 0.359626 0.784344 0.041376 0.051743
2 0.387980 0.759174 0.047731 0.036891
2 0.311773 0.802644 0.041834 0.053039
2 0.895354 0.730476 0.035430 0.034134
2 0.089282 0.929779 0.034775 0.043371