2 0.510406 0.745561 0.110322 0.141793
2 0.948060 0.831949 0.103060 0.176424
2 0.088174 0.713645 0.174913 0.121990
0 0.106361 0.759819 0.064655 0.168288
0 0.751073 0.771116 0.041854 0.156125
0 0.440191 0.711839 0.035184 0.109582
0 0.720094 0.724382 0.031038 0.109942
2 0.282922 0.710217 0.182561 0.122574
3 0.102586 0.800466 0.122239 0.130625
2 0.369562 0.681145 0.070269 0.054956
2 0.357988 0.704674 0.047557 0.102175
1 0.102265 0.791352 0.123240 0.143287
1 0.320234 0.752831 0.064422 0.095786
0 0.326828 0.705882 0.056052 0.104364