2 0.150909 0.742131 0.043636 0.046005
2 0.526364 0.757869 0.027273 0.029056
2 0.479091 0.728814 0.027273 0.029056
2 0.445455 0.750605 0.032727 0.033898
2 0.416364 0.710654 0.025455 0.026634
2 0.436364 0.676755 0.018182 0.021792
2 0.298182 0.744552 0.036364 0.036320
2 0.374545 0.751816 0.029091 0.031477
2 0.371818 0.713075 0.020000 0.021792
2 0.362727 0.687651 0.016364 0.019370
2 0.337273 0.710654 0.023636 0.031477
2 0.319091 0.673123 0.020000 0.024213
2 0.226364 0.694915 0.023636 0.024213
2 0.238182 0.710654 0.021818 0.031477
