2 0.886364 0.737288 0.216364 0.099274
2 0.527273 0.726392 0.141818 0.087167
0 0.228182 0.776029 0.060000 0.157385
3 0.233636 0.830508 0.056364 0.154964
2 0.625455 0.702179 0.101818 0.058111
2 0.252727 0.679177 0.047273 0.031477
0 0.167273 0.697337 0.018182 0.053269
2 0.735455 0.702179 0.110909 0.058111
2 0.445455 0.700969 0.072727 0.055690
2 0.765455 0.703390 0.054545 0.055690
2 0.136364 0.671913 0.025455 0.021792
3 0.118182 0.705811 0.025455 0.046005
2 0.320909 0.676755 0.020000 0.026634
0 0.118182 0.705811 0.021818 0.046005
2 0.211818 0.671913 0.038182 0.036320
2 0.357273 0.671913 0.038182 0.026634
5 0.456364 0.669492 0.112727 0.050847
5 0.563636 0.670702 0.061818 0.038741
