2 0.423636 0.779935 0.087273 0.122977
2 0.675455 0.779935 0.060000 0.077670
2 0.340000 0.778317 0.061818 0.087379
2 0.185455 0.771845 0.080000 0.061489
2 0.528182 0.770227 0.038182 0.051780
2 0.594545 0.773463 0.083636 0.116505
2 0.474545 0.771845 0.018182 0.042071
0 0.806364 0.773463 0.016364 0.058252
2 0.269091 0.755663 0.047273 0.061489
2 0.101818 0.779935 0.047273 0.038835
7 0.595455 0.775081 0.081818 0.113269
2 0.121818 0.770227 0.058182 0.051780
2 0.086364 0.779935 0.027273 0.032362
2 0.301818 0.771845 0.018182 0.029126
0 0.966364 0.781553 0.027273 0.080906
0 0.911818 0.776699 0.020000 0.084142
0 0.767273 0.768608 0.014545 0.067961
