1 0.790552 0.772929 0.222513 0.189344
0 0.800065 0.716496 0.102863 0.279518
2 0.551691 0.602566 0.088626 0.093177
0 0.141750 0.645842 0.063854 0.180047
2 0.663069 0.595737 0.110665 0.098800
0 0.922056 0.627878 0.048077 0.136195
0 0.350139 0.612815 0.034604 0.127558
0 0.385144 0.636052 0.038415 0.163853
0 0.471352 0.618260 0.054204 0.151626
0 0.267058 0.606890 0.034978 0.137886
0 0.428274 0.599577 0.021763 0.096322
2 0.061568 0.581011 0.063551 0.064700
0 0.196158 0.574405 0.021258 0.061922
5 0.400271 0.519328 0.135216 0.131323