2 0.495455 0.681598 0.329091 0.181598
0 0.227273 0.642857 0.058182 0.133172
0 0.815455 0.631961 0.045455 0.111380
0 0.070909 0.622276 0.032727 0.111380
0 0.985455 0.646489 0.029091 0.159806
2 0.307273 0.602906 0.127273 0.096852
2 0.196364 0.606538 0.145455 0.084746
0 0.912727 0.644068 0.029091 0.130751
0 0.100000 0.582324 0.025455 0.060533
2 0.460909 0.577482 0.096364 0.036320
2 0.692727 0.554479 0.021818 0.019370
0 0.840909 0.590799 0.016364 0.058111
2 0.529091 0.571429 0.061818 0.043584
0 0.502727 0.579903 0.020000 0.031477
0 0.483636 0.582324 0.014545 0.031477
