5 0.773636 0.650121 0.452727 0.583535
2 0.510000 0.627119 0.092727 0.116223
2 0.072727 0.641646 0.141818 0.145278
2 0.146364 0.611380 0.118182 0.128329
2 0.221818 0.823245 0.440000 0.353511
2 0.345455 0.654964 0.138182 0.123487
2 0.221818 0.589588 0.080000 0.094431
2 0.484545 0.572639 0.056364 0.084746
5 0.366364 0.509685 0.070909 0.094431
2 0.376364 0.585956 0.090909 0.092010
2 0.260909 0.566586 0.038182 0.038741
2 0.471818 0.537530 0.045455 0.053269
2 0.320909 0.737288 0.180000 0.176755
2 0.536364 0.554479 0.069091 0.058111
5 0.046364 0.510896 0.070909 0.067797
