2 0.290236 0.614891 0.203919 0.177258
2 0.107908 0.593654 0.204511 0.127963
2 0.105205 0.770733 0.209529 0.338400
2 0.519393 0.580345 0.130926 0.162961
2 0.420114 0.541067 0.074463 0.076626
0 0.943261 0.576886 0.062849 0.141232
1 0.940172 0.624090 0.087560 0.120932
0 0.672441 0.529299 0.023758 0.063487
2 0.363446 0.552599 0.098229 0.090011
0 0.639588 0.527380 0.015734 0.059079
2 0.235524 0.539380 0.082047 0.056974
2 0.605440 0.521597 0.017525 0.045680
2 0.463732 0.535083 0.041437 0.072189
2 0.377045 0.570065 0.069546 0.062756