0 0.392727 0.531477 0.040000 0.113801
0 0.859091 0.513317 0.041818 0.116223
0 0.789091 0.521792 0.029091 0.104116
2 0.945455 0.480630 0.065455 0.050847
2 0.990909 0.544794 0.018182 0.067797
2 0.326364 0.493947 0.114545 0.062954
2 0.062727 0.498789 0.121818 0.048426
0 0.756364 0.506053 0.021818 0.106538
0 0.725455 0.518160 0.018182 0.116223
0 0.711818 0.518160 0.020000 0.121065
0 0.690000 0.519370 0.034545 0.128329
0 0.638182 0.514528 0.032727 0.118644
0 0.627273 0.529056 0.021818 0.099274
0 0.621818 0.510896 0.025455 0.121065
0 0.567273 0.514528 0.018182 0.089588
0 0.532727 0.513317 0.036364 0.116223
0 0.579091 0.510896 0.020000 0.087167
0 0.585455 0.507264 0.014545 0.089588
3 0.795455 0.519370 0.074545 0.060533
