5 0.104486 0.881710 0.208973 0.231478
2 0.688520 0.956234 0.160240 0.086583
2 0.794437 0.923453 0.123160 0.092195
2 0.256419 0.921468 0.120372 0.096569
2 0.940472 0.901385 0.119057 0.083421
5 0.241734 0.756471 0.167428 0.100697
2 0.618729 0.850966 0.079260 0.071274
2 0.408352 0.844727 0.077761 0.094304
2 0.830621 0.840908 0.091918 0.059584
2 0.707266 0.818776 0.086191 0.053453
2 0.425444 0.756768 0.048673 0.054831
2 0.749465 0.865236 0.084511 0.065038
2 0.851251 0.727518 0.047967 0.032309
2 0.698408 0.723671 0.047849 0.035445
2 0.586360 0.786849 0.059667 0.043312
2 0.264920 0.692321 0.032720 0.021351
2 0.573153 0.754802 0.052663 0.039567
2 0.673868 0.786097 0.066861 0.048480
2 0.378785 0.741872 0.044776 0.036115
2 0.778593 0.789890 0.076238 0.054942
2 0.724944 0.752143 0.054983 0.042331
2 0.662984 0.769465 0.085338 0.047613