2 0.770000 0.752907 0.089091 0.093023
2 0.398182 0.703488 0.058182 0.087209
2 0.600909 0.829942 0.085455 0.125000
2 0.047273 0.745640 0.090909 0.101744
2 0.321818 0.667151 0.058182 0.078488
2 0.434545 0.585756 0.036364 0.049419
2 0.810909 0.561047 0.040000 0.034884
2 0.371818 0.585756 0.041818 0.049419
5 0.673636 0.585756 0.085455 0.142442
2 0.600000 0.543605 0.032727 0.046512
7 0.796364 0.893895 0.145455 0.206395
7 0.633636 0.639535 0.067273 0.122093
2 0.085455 0.595930 0.054545 0.058140
2 0.550000 0.636628 0.049091 0.069767
2 0.526364 0.531977 0.023636 0.034884
5 0.372727 0.504360 0.058182 0.078488
5 0.076364 0.556686 0.116364 0.090116
2 0.445455 0.547965 0.032727 0.049419
2 0.415455 0.536337 0.027273 0.037791
2 0.454545 0.504360 0.025455 0.037791
2 0.539091 0.565407 0.034545 0.043605
2 0.734545 0.555233 0.032727 0.040698
