5 0.125260 0.621681 0.115783 0.106291
2 0.563892 0.705935 0.052908 0.064856
2 0.755311 0.745553 0.085696 0.079125
2 0.707514 0.648097 0.054088 0.060625
2 0.036275 0.688198 0.071770 0.058856
2 0.310359 0.644320 0.044075 0.050874
2 0.803242 0.678159 0.068404 0.061673
2 0.623015 0.624454 0.036667 0.046565
2 0.560000 0.603729 0.029928 0.048477
2 0.218213 0.596855 0.040103 0.051238
0 0.915929 0.685251 0.016835 0.063056
2 0.665933 0.758805 0.079744 0.111019
2 0.304936 0.567710 0.024748 0.023630
2 0.695174 0.591405 0.039696 0.038911
2 0.664876 0.565915 0.025856 0.023038
0 0.884426 0.686080 0.013231 0.059979
0 0.893905 0.685710 0.013984 0.061559
0 0.940257 0.702663 0.019733 0.071121
0 0.887032 0.685382 0.017913 0.063203
2 0.618967 0.588984 0.023979 0.022093
0 0.936546 0.702274 0.018380 0.073939
0 0.971710 0.718422 0.015273 0.072574
0 0.891143 0.685854 0.018486 0.062856
0 0.933479 0.700947 0.015948 0.075312
2 0.667985 0.541767 0.020309 0.026548
2 0.699738 0.585499 0.047160 0.049209
2 0.619460 0.588750 0.029184 0.026063
2 0.622327 0.550709 0.022509 0.031751
7 0.490784 0.560062 0.033866 0.035618
2 0.711662 0.569847 0.026490 0.030712
0 0.922023 0.592597 0.014667 0.038505
2 0.618470 0.593686 0.029359 0.032980
