2 0.750422 0.694808 0.091920 0.086486
2 0.961496 0.696725 0.076418 0.106671
2 0.125624 0.700460 0.130374 0.096468
2 0.852584 0.705213 0.097684 0.097640
2 0.225070 0.696767 0.119464 0.080479
2 0.424429 0.671877 0.036849 0.043324
2 0.547688 0.669327 0.050746 0.048776
2 0.376990 0.680057 0.065253 0.053136
2 0.332570 0.674061 0.055025 0.055529
2 0.671144 0.672972 0.042212 0.053345
2 0.448100 0.664335 0.031927 0.032668
0 0.615317 0.680702 0.018812 0.064700
2 0.716217 0.678769 0.063613 0.075624
2 0.502092 0.659447 0.024524 0.023628
0 0.146403 0.640256 0.021365 0.030399
2 0.480147 0.662883 0.026275 0.024981
2 0.628892 0.660715 0.024244 0.036321
2 0.474261 0.665982 0.024002 0.027253
2 0.633842 0.662537 0.020968 0.039869
2 0.185976 0.646570 0.054938 0.023203
0 0.606701 0.678604 0.014952 0.061130
2 0.644102 0.667183 0.028948 0.041293
0 0.140167 0.639426 0.021127 0.031667
2 0.661012 0.671072 0.052907 0.048543
