5 0.201145 0.629520 0.087736 0.055952
2 0.318890 0.918975 0.162514 0.116820
2 0.565923 0.894830 0.122040 0.127518
5 0.731966 0.777357 0.218802 0.210355
2 0.383635 0.789106 0.106342 0.073260
2 0.542813 0.724387 0.070513 0.049247
5 0.610785 0.632527 0.061808 0.060604
2 0.410033 0.732474 0.076496 0.053502
2 0.431606 0.698968 0.062539 0.045064
5 0.411366 0.600963 0.033379 0.023780
2 0.537803 0.680611 0.051181 0.034014
2 0.364229 0.636263 0.036014 0.023231
2 0.538609 0.652153 0.044448 0.026551
2 0.624670 0.682386 0.059447 0.042204
2 0.288952 0.630683 0.033309 0.020090
2 0.456405 0.657389 0.044932 0.030126
2 0.687749 0.660993 0.041077 0.024358
2 0.484132 0.618927 0.032947 0.017550
5 0.566054 0.599154 0.029440 0.029531
5 0.360414 0.613353 0.029686 0.013906
2 0.538689 0.620218 0.036449 0.030068
