2 0.899091 0.846247 0.132727 0.104116
2 0.237273 0.953995 0.118182 0.092010
2 0.280909 0.751816 0.063636 0.070218
2 0.348182 0.693705 0.041818 0.055690
2 0.400909 0.819613 0.067273 0.099274
2 0.151818 0.806295 0.100000 0.092010
2 0.416364 0.662228 0.036364 0.046005
2 0.027273 0.966102 0.050909 0.067797
2 0.634545 0.688862 0.050909 0.050847
2 0.720909 0.700969 0.063636 0.055690
2 0.798182 0.750605 0.105455 0.096852
2 0.578182 0.698547 0.043636 0.055690
2 0.560909 0.670702 0.038182 0.043584
2 0.427273 0.630751 0.036364 0.041162
2 0.990000 0.951574 0.020000 0.062954
0 0.012727 0.848668 0.021818 0.089588
2 0.380909 0.624697 0.038182 0.033898
2 0.681818 0.670702 0.050909 0.048426
2 0.612727 0.665860 0.043636 0.043584
2 0.680909 0.583535 0.049091 0.029056
2 0.625455 0.628329 0.032727 0.031477
2 0.543636 0.634383 0.032727 0.053269
2 0.710909 0.651332 0.047273 0.038741
0 0.327273 0.631961 0.010909 0.033898
0 0.218182 0.682809 0.014545 0.053269
0 0.262727 0.624697 0.012727 0.033898
2 0.543636 0.627119 0.032727 0.038741
2 0.553636 0.659806 0.030909 0.031477
2 0.592727 0.645278 0.040000 0.041162
0 0.069091 0.786925 0.032727 0.082324
0 0.792727 0.645278 0.014545 0.055690
0 0.851818 0.665860 0.023636 0.058111
