2 0.134700 0.762735 0.150785 0.141667
2 0.789217 0.724281 0.112361 0.107942
2 0.353866 0.653410 0.076707 0.088212
2 0.669063 0.547597 0.047830 0.042898
2 0.259108 0.639005 0.083455 0.080474
2 0.022331 0.945935 0.044447 0.108130
2 0.471274 0.555692 0.041904 0.052438
2 0.237277 0.575917 0.064096 0.060308
2 0.328781 0.562301 0.050416 0.061829
2 0.453948 0.666842 0.081036 0.115201
2 0.400437 0.575648 0.048285 0.061035
2 0.491627 0.511615 0.029359 0.036983
2 0.620605 0.486694 0.026993 0.030786
2 0.805225 0.966164 0.165496 0.067671
2 0.422264 0.534882 0.039840 0.044192
2 0.568801 0.474674 0.022883 0.025422
5 0.022511 0.534499 0.044654 0.091305
2 0.447346 0.498657 0.030842 0.031845
2 0.398029 0.503275 0.033129 0.033315
2 0.359691 0.536074 0.035016 0.047729
2 0.340932 0.535430 0.073814 0.051634
2 0.326247 0.516545 0.042345 0.033380
2 0.414727 0.478037 0.024668 0.029065
2 0.073182 0.489505 0.061491 0.039766
2 0.581138 0.445448 0.015567 0.019714
2 0.384355 0.471519 0.024711 0.023928
