2 0.666906 0.685791 0.086186 0.083229
2 0.569702 0.689725 0.034796 0.035006
0 0.937575 0.666177 0.031857 0.097159
0 0.910372 0.672835 0.017749 0.079085
0 0.861307 0.675522 0.019775 0.070733
0 0.883568 0.673974 0.019618 0.074383
0 0.823495 0.667217 0.017473 0.078522
2 0.592693 0.684708 0.025235 0.031382
2 0.743455 0.678921 0.036614 0.038362
0 0.839431 0.673200 0.015737 0.067814
2 0.768825 0.668328 0.035507 0.032612
2 0.775005 0.669494 0.023240 0.029194
2 0.579789 0.687950 0.029455 0.033293
0 0.893801 0.674552 0.014201 0.073944
0 0.831935 0.669942 0.018086 0.074663
2 0.766867 0.673640 0.037359 0.039997
2 0.759948 0.670493 0.052361 0.038195
0 0.858725 0.672301 0.016807 0.071421
2 0.752135 0.675454 0.039062 0.040150
0 0.890321 0.672421 0.019446 0.078356
0 0.926865 0.667935 0.015641 0.095585
2 0.715447 0.678448 0.022860 0.027997
2 0.603399 0.682662 0.034780 0.034091
