2 0.668182 0.828786 0.172727 0.181446
2 0.726364 0.701910 0.140000 0.099591
2 0.873636 0.663711 0.140000 0.077763
2 0.942727 0.634379 0.114545 0.062756
2 0.669091 0.628240 0.094545 0.058663
2 0.929091 0.896317 0.141818 0.193724
2 0.725455 0.602319 0.087273 0.047749
2 0.550909 0.619372 0.076364 0.057299
2 0.588182 0.682810 0.110909 0.094134
2 0.759091 0.562074 0.067273 0.038199
2 0.614545 0.580491 0.069091 0.050477
2 0.981818 0.760573 0.036364 0.069577
2 0.539091 0.584584 0.056364 0.034106
2 0.515455 0.559345 0.041818 0.030014
2 0.575455 0.540928 0.041818 0.031378
2 0.691818 0.568895 0.063636 0.035471
2 0.708182 0.547067 0.049091 0.030014
2 0.653636 0.552524 0.045455 0.030014
2 0.513636 0.553888 0.041818 0.030014
4 0.518182 0.508186 0.043636 0.031378
2 0.606364 0.530696 0.041818 0.030014
