2 0.794545 0.860272 0.192727 0.116314
2 0.511818 0.697885 0.092727 0.063444
2 0.048182 0.737915 0.092727 0.092145
2 0.349091 0.716012 0.090909 0.075529
2 0.540909 0.609517 0.060000 0.043807
2 0.457273 0.585347 0.045455 0.034743
2 0.031818 0.646526 0.060000 0.060423
2 0.116364 0.584592 0.065455 0.039275
2 0.379091 0.583082 0.049091 0.036254
2 0.219091 0.577795 0.049091 0.034743
2 0.446364 0.527190 0.030909 0.021148
2 0.183636 0.555891 0.054545 0.033233
2 0.843636 0.615559 0.069091 0.037764
2 0.394545 0.984894 0.203636 0.030211
2 0.521818 0.558912 0.040000 0.027190
2 0.151818 0.543807 0.049091 0.027190
2 0.260909 0.553625 0.038182 0.028701
2 0.021818 0.585347 0.040000 0.040785
2 0.797273 0.633686 0.067273 0.052870
2 0.489091 0.512840 0.021818 0.016616
2 0.527273 0.533988 0.025455 0.019637
2 0.317273 0.521148 0.030909 0.018127
2 0.695455 0.531722 0.027273 0.018127
2 0.268182 0.531722 0.034545 0.021148
2 0.412727 0.501511 0.029091 0.018127
2 0.230000 0.496979 0.027273 0.012085
2 0.527273 0.512085 0.025455 0.018127
