2 0.066364 0.884988 0.129091 0.181598
2 0.351818 0.644068 0.067273 0.101695
2 0.065455 0.756659 0.127273 0.128329
2 0.415455 0.849879 0.118182 0.246973
2 0.426364 0.693705 0.063636 0.075061
2 0.437273 0.559322 0.041818 0.048426
0 0.929091 0.611380 0.018182 0.055690
5 0.203636 0.849879 0.225455 0.290557
2 0.345455 0.571429 0.047273 0.048426
2 0.153636 0.669492 0.085455 0.089588
2 0.069091 0.621065 0.080000 0.060533
2 0.288182 0.564165 0.041818 0.048426
2 0.259091 0.657385 0.067273 0.079903
2 0.236364 0.617433 0.061818 0.062954
2 0.350000 0.529056 0.030909 0.041162
2 0.399091 0.527845 0.027273 0.033898
2 0.822727 0.542373 0.052727 0.038741
2 0.670000 0.508475 0.027273 0.029056
2 0.103636 0.539952 0.080000 0.038741
2 0.296364 0.761501 0.098182 0.118644
2 0.700000 0.496368 0.029091 0.029056
2 0.634545 0.486683 0.025455 0.024213
2 0.746364 0.503632 0.027273 0.019370
2 0.759091 0.521792 0.034545 0.026634
2 0.662727 0.480630 0.020000 0.031477
2 0.678182 0.479419 0.018182 0.024213
2 0.316364 0.504843 0.029091 0.026634
2 0.337273 0.483051 0.020000 0.031477
2 0.359091 0.501211 0.027273 0.024213
2 0.400000 0.502421 0.029091 0.026634
