2 0.430909 0.918886 0.094545 0.152542
2 0.354545 0.778450 0.061818 0.084746
2 0.441818 0.737288 0.054545 0.075061
4 0.701818 0.636804 0.087273 0.087167
2 0.317273 0.710654 0.056364 0.065375
2 0.187273 0.754237 0.072727 0.070218
2 0.260000 0.951574 0.127273 0.096852
2 0.809091 0.690073 0.061818 0.053269
2 0.150909 0.898305 0.141818 0.184019
2 0.444545 0.675545 0.038182 0.043584
2 0.453636 0.638015 0.027273 0.036320
2 0.395455 0.671913 0.038182 0.050847
3 0.974545 0.832930 0.032727 0.082324
2 0.332727 0.623487 0.029091 0.031477
2 0.363636 0.651332 0.032727 0.038741
2 0.486364 0.592010 0.023636 0.036320
2 0.425455 0.613801 0.021818 0.026634
