2 0.781818 0.921308 0.163636 0.157385
4 0.677273 0.579903 0.092727 0.123487
2 0.440909 0.923729 0.129091 0.152542
2 0.250909 0.658596 0.076364 0.077482
2 0.404545 0.566586 0.034545 0.043584
2 0.475455 0.541162 0.030909 0.036320
2 0.593636 0.542373 0.049091 0.048426
2 0.563636 0.605327 0.043636 0.058111
2 0.424545 0.506053 0.027273 0.029056
2 0.350000 0.541162 0.034545 0.036320
2 0.467273 0.507264 0.025455 0.031477
2 0.546364 0.544794 0.034545 0.038741
2 0.531818 0.514528 0.027273 0.026634
2 0.433636 0.476998 0.020000 0.019370
0 0.978182 0.606538 0.018182 0.070218
2 0.550909 0.560533 0.040000 0.031477
4 0.572727 0.491525 0.036364 0.077482
0 0.742727 0.581114 0.012727 0.033898
2 0.481818 0.484262 0.018182 0.029056
2 0.548182 0.549637 0.038182 0.048426
