2 0.816364 0.530266 0.280000 0.198547
0 0.413636 0.538741 0.136364 0.297821
0 0.326364 0.481840 0.045455 0.145278
2 0.104545 0.462470 0.107273 0.116223
3 0.678182 0.654964 0.181818 0.215496
0 0.688182 0.570218 0.114545 0.288136
0 0.903636 0.456416 0.029091 0.094431
3 0.409091 0.631961 0.203636 0.213075
0 0.225455 0.438257 0.029091 0.096852
2 0.561818 0.433414 0.040000 0.029056
0 0.882727 0.445521 0.016364 0.072639
0 0.271818 0.473366 0.045455 0.128329
2 0.137273 0.447942 0.092727 0.087167
2 0.695455 0.429782 0.045455 0.016949
0 0.605455 0.554479 0.090909 0.251816
2 0.765455 0.421308 0.050909 0.024213
1 0.269091 0.508475 0.061818 0.077482
2 0.181818 0.439467 0.058182 0.075061
2 0.162727 0.447942 0.045455 0.082324
3 0.270000 0.509685 0.063636 0.079903
2 0.562727 0.443099 0.041818 0.048426
1 0.226364 0.497579 0.023636 0.050847
2 0.377273 0.423729 0.020000 0.019370
