2 0.148182 0.721550 0.292727 0.397094
2 0.282727 0.561743 0.220000 0.106538
2 0.843636 0.608959 0.287273 0.370460
2 0.916364 0.714286 0.167273 0.556901
2 0.470000 0.537530 0.081818 0.072639
2 0.671818 0.550847 0.041818 0.108959
2 0.536364 0.520581 0.036364 0.033898
2 0.389091 0.552058 0.160000 0.082324
2 0.654545 0.532688 0.069091 0.092010
2 0.619091 0.520581 0.038182 0.067797
2 0.726364 0.535109 0.070909 0.154964
2 0.655455 0.535109 0.049091 0.092010
2 0.663636 0.544794 0.054545 0.101695
2 0.595455 0.513317 0.027273 0.053269
2 0.641818 0.525424 0.047273 0.072639
2 0.431818 0.559322 0.081818 0.072639
2 0.361818 0.553269 0.094545 0.084746
2 0.498182 0.531477 0.029091 0.060533
2 0.632727 0.521792 0.036364 0.070218
2 0.590909 0.512107 0.021818 0.050847
