5 0.124936 0.452796 0.248896 0.308998
2 0.558796 0.586284 0.098932 0.110261
2 0.672255 0.584236 0.103127 0.100370
2 0.269055 0.552539 0.070676 0.054470
5 0.955954 0.532942 0.083253 0.087020
0 0.758275 0.577490 0.035342 0.096596
0 0.809768 0.565320 0.015895 0.049882
2 0.493944 0.563574 0.036701 0.056007
0 0.827107 0.561320 0.014772 0.056000
0 0.830154 0.561377 0.015803 0.056262
3 0.754509 0.605352 0.029216 0.052128
0 0.837490 0.562127 0.014200 0.056087
2 0.499583 0.566611 0.032339 0.054492
0 0.823211 0.560855 0.017258 0.055824
