2 0.204799 0.780334 0.077603 0.072741
2 0.044408 0.752574 0.080636 0.063463
2 0.253963 0.664767 0.032756 0.035579
2 0.332750 0.672231 0.035614 0.039216
2 0.348077 0.630135 0.026978 0.024267
0 0.981129 0.743597 0.018051 0.055706
2 0.015498 0.716690 0.030855 0.036497
0 0.935047 0.735980 0.015205 0.057980
0 0.959422 0.739976 0.016138 0.058063
2 0.771398 0.606313 0.026804 0.026225
2 0.392133 0.617777 0.026031 0.021115
2 0.702445 0.573507 0.015625 0.016836
0 0.938286 0.735571 0.015219 0.059135
2 0.284669 0.612639 0.030540 0.020515
2 0.365117 0.590113 0.017533 0.022758
2 0.737988 0.595427 0.041903 0.023153
2 0.384850 0.592861 0.016681 0.021543
