2 0.767273 0.905569 0.160000 0.150121
2 0.939091 0.952785 0.121818 0.094431
2 0.668182 0.767554 0.096364 0.092010
2 0.851818 0.830508 0.147273 0.116223
2 0.940909 0.825666 0.118182 0.121065
2 0.735455 0.738499 0.092727 0.077482
2 0.330000 0.630751 0.052727 0.060533
2 0.560909 0.780872 0.089091 0.104116
2 0.841818 0.744552 0.112727 0.079903
2 0.412727 0.585956 0.032727 0.038741
2 0.386364 0.565375 0.030909 0.031477
2 0.527273 0.707022 0.065455 0.072639
2 0.612727 0.699758 0.072727 0.072639
2 0.863636 0.703390 0.090909 0.070218
2 0.672727 0.677966 0.072727 0.067797
2 0.427273 0.547215 0.029091 0.029056
2 0.509091 0.654964 0.050909 0.050847
2 0.960000 0.761501 0.080000 0.065375
2 0.574545 0.652542 0.061818 0.060533
2 0.501818 0.616223 0.047273 0.036320
2 0.490000 0.601695 0.045455 0.021792
2 0.553636 0.616223 0.049091 0.046005
2 0.543636 0.596852 0.054545 0.036320
2 0.527273 0.578692 0.050909 0.033898
2 0.595455 0.599274 0.034545 0.046005
2 0.626364 0.638015 0.045455 0.055690
2 0.679091 0.617433 0.041818 0.038741
2 0.721818 0.650121 0.054545 0.046005
2 0.780909 0.688862 0.092727 0.065375
2 0.794545 0.654964 0.069091 0.046005
2 0.757273 0.629540 0.063636 0.033898
2 0.642727 0.596852 0.045455 0.031477
2 0.471818 0.577482 0.016364 0.041162
2 0.468182 0.565375 0.034545 0.036320
2 0.501818 0.552058 0.029091 0.019370
2 0.602727 0.564165 0.030909 0.033898
2 0.618182 0.582324 0.029091 0.031477
2 0.629091 0.550847 0.029091 0.016949
2 0.654545 0.570218 0.029091 0.021792
2 0.677273 0.588378 0.023636 0.029056
0 0.132727 0.544794 0.021818 0.043584
0 0.206364 0.600484 0.038182 0.067797
