2 0.270000 0.693042 0.223636 0.237381
2 0.709091 0.828104 0.280000 0.341064
2 0.583636 0.469986 0.141818 0.126876
2 0.316364 0.501364 0.134545 0.110505
2 0.424545 0.406548 0.100000 0.090041
2 0.812727 0.529332 0.101818 0.133697
2 0.725455 0.432469 0.138182 0.092769
2 0.542727 0.401774 0.092727 0.075034
2 0.394545 0.358799 0.076364 0.060027
2 0.536364 0.343111 0.076364 0.055935
2 0.180000 0.464529 0.141818 0.094134
2 0.440909 0.315143 0.063636 0.043656
2 0.248182 0.393588 0.107273 0.066849
2 0.524545 0.306276 0.063636 0.047749
2 0.711818 0.375171 0.107273 0.060027
2 0.679091 0.343111 0.085455 0.061392
5 0.379091 0.240791 0.100000 0.047749
2 0.322727 0.343111 0.078182 0.055935
2 0.360000 0.304229 0.040000 0.032742
5 0.586364 0.263302 0.074545 0.054570
2 0.520909 0.278990 0.070909 0.023192
