2 0.606703 0.531648 0.297075 0.180683
1 0.750803 0.800052 0.384394 0.393287
0 0.792197 0.658460 0.183257 0.511755
1 0.207280 0.622620 0.142664 0.146914
1 0.048137 0.614916 0.095475 0.173211
0 0.208422 0.532335 0.088323 0.219870
2 0.300867 0.524011 0.171587 0.150640
0 0.427316 0.491200 0.032217 0.108387
0 0.341261 0.537901 0.073072 0.185989
0 0.484970 0.457865 0.018564 0.064715
0 0.031788 0.552094 0.063367 0.195453
0 0.712210 0.460261 0.020105 0.056411
7 0.082013 0.506057 0.162471 0.185508
2 0.081535 0.504556 0.163061 0.184209
0 0.379616 0.465777 0.028948 0.072237
0 0.450429 0.463874 0.020836 0.061666
1 0.431893 0.521471 0.022075 0.050033
3 0.322267 0.579173 0.067064 0.119549
3 0.331546 0.565699 0.088474 0.144566
3 0.373113 0.543738 0.042470 0.082346
1 0.428686 0.517829 0.028799 0.056624
0 0.373612 0.463712 0.033452 0.065842
