5 0.669404 0.628091 0.101746 0.113086
2 0.453775 0.647711 0.075305 0.084287
2 0.389232 0.645662 0.054384 0.056053
2 0.342662 0.644113 0.055686 0.056014
2 0.101808 0.626248 0.072591 0.058055
0 0.767904 0.654866 0.017362 0.059380
2 0.047257 0.629703 0.093758 0.052970
0 0.976314 0.675313 0.031246 0.120474
2 0.214652 0.635598 0.056855 0.034242
2 0.264212 0.632612 0.067195 0.034974
2 0.525832 0.640768 0.026622 0.027615
2 0.562362 0.642520 0.031595 0.026912
2 0.179386 0.636792 0.051847 0.037711
2 0.270449 0.646495 0.083368 0.063908
5 0.729628 0.629437 0.030167 0.107046
0 0.960416 0.688938 0.014216 0.088197
2 0.113931 0.625926 0.048121 0.057622
0 0.993075 0.680685 0.012845 0.107214
2 0.196545 0.654665 0.086389 0.071446
2 0.299864 0.614554 0.077988 0.058249
