2 0.213825 0.817899 0.308343 0.234942
2 0.580719 0.785513 0.107813 0.119743
2 0.682448 0.770761 0.072867 0.069136
2 0.367526 0.775381 0.086560 0.106429
2 0.446253 0.758113 0.066125 0.070387
2 0.066356 0.762289 0.132430 0.092165
2 0.502823 0.754812 0.033212 0.033609
0 0.827167 0.764299 0.015207 0.059127
2 0.410883 0.746201 0.023775 0.031084
2 0.501425 0.750810 0.038104 0.036862
2 0.523296 0.747872 0.023658 0.033543
2 0.479629 0.744889 0.017885 0.030742
2 0.563815 0.723889 0.041022 0.021167
0 0.756314 0.767620 0.021177 0.069764
