5 0.719204 0.561548 0.128233 0.176854
2 0.715228 0.704220 0.089540 0.113188
2 0.593308 0.763421 0.079607 0.125619
2 0.479151 0.806310 0.082367 0.146310
2 0.175143 0.874779 0.134371 0.194210
2 0.492833 0.614746 0.045910 0.077708
2 0.257573 0.577918 0.054319 0.074626
2 0.878862 0.938597 0.153166 0.119305
2 0.321226 0.576380 0.055240 0.070957
2 0.563592 0.526526 0.034594 0.058013
2 0.618985 0.571398 0.047701 0.069012
2 0.853462 0.767022 0.107545 0.165283
2 0.321476 0.495662 0.031224 0.028937
2 0.498539 0.524196 0.031290 0.049471
2 0.373508 0.574278 0.057334 0.112498
2 0.143471 0.670742 0.109724 0.151720
2 0.552782 0.471549 0.026739 0.038736
2 0.581116 0.450827 0.023864 0.033699
2 0.322142 0.489411 0.033101 0.041716
2 0.631774 0.480715 0.030787 0.039023
2 0.356273 0.462343 0.022120 0.026231
2 0.514926 0.455596 0.023399 0.034089
2 0.624222 0.524609 0.032987 0.047287
2 0.478848 0.423476 0.020974 0.023464
2 0.507655 0.484526 0.022784 0.031995
2 0.418193 0.409069 0.028027 0.041484
2 0.450719 0.414698 0.014322 0.021687
2 0.552223 0.463059 0.027137 0.054896
