0 0.816295 0.902408 0.063509 0.191907
2 0.952614 0.837176 0.094183 0.060071
2 0.316685 0.846960 0.090851 0.074551
2 0.631035 0.822555 0.037257 0.038026
2 0.583332 0.824154 0.062350 0.046815
2 0.151338 0.861573 0.301813 0.152218
0 0.877502 0.844035 0.025221 0.089490
2 0.720469 0.809915 0.034257 0.038921
2 0.779770 0.814477 0.049231 0.038658
0 0.479565 0.846091 0.023741 0.089893
0 0.098048 0.855908 0.049626 0.081133
0 0.412239 0.818157 0.012341 0.042616
2 0.672050 0.815559 0.020631 0.029857
2 0.329681 0.819572 0.048289 0.035444
2 0.787287 0.814032 0.035674 0.036937
0 0.484505 0.842942 0.033638 0.095234
2 0.711124 0.810190 0.050816 0.039006
2 0.696279 0.813682 0.029985 0.030419
2 0.744648 0.812195 0.022834 0.030109
0 0.500945 0.845132 0.023964 0.077367
0 0.066637 0.976457 0.024404 0.044997
2 0.504385 0.815637 0.022315 0.027322
2 0.749510 0.814133 0.021288 0.030313
0 0.498515 0.853380 0.022288 0.073977
0 0.477024 0.837578 0.022445 0.090698
