2 0.676749 0.808080 0.203787 0.154178
2 0.448799 0.676928 0.116793 0.098241
2 0.436780 0.804349 0.161033 0.140821
2 0.223650 0.690354 0.155655 0.093861
2 0.772616 0.665907 0.136730 0.085545
2 0.404635 0.963271 0.228247 0.073048
2 0.111304 0.909813 0.219018 0.179263
2 0.610388 0.594871 0.090898 0.060176
2 0.730183 0.579664 0.095001 0.055707
2 0.457230 0.599406 0.087850 0.057607
2 0.333771 0.578671 0.088227 0.053734
5 0.635128 0.473711 0.088094 0.068052
2 0.577721 0.557073 0.068959 0.045303
2 0.472840 0.556889 0.071727 0.049145
2 0.079482 0.551210 0.112143 0.054451
2 0.597315 0.529915 0.058750 0.034780
2 0.328671 0.444503 0.029361 0.015872
2 0.369715 0.528703 0.065708 0.041033
2 0.680308 0.532964 0.069938 0.040260
5 0.250378 0.475798 0.074971 0.055423
2 0.160256 0.497014 0.063675 0.032356
2 0.106828 0.494408 0.069541 0.030738
2 0.563991 0.511302 0.050253 0.035170
