5 0.371035 0.734151 0.055085 0.071958
2 0.175109 0.829986 0.062491 0.055223
2 0.101335 0.879267 0.086238 0.064425
2 0.521352 0.779214 0.030083 0.037734
2 0.516889 0.835850 0.037078 0.049715
2 0.292991 0.841083 0.055829 0.060945
2 0.430438 0.717072 0.024687 0.031311
2 0.380556 0.804706 0.039364 0.049452
2 0.248226 0.791112 0.054127 0.045970
2 0.455830 0.830118 0.040720 0.050395
2 0.565956 0.778947 0.035122 0.042234
2 0.510114 0.745215 0.024489 0.033784
2 0.436774 0.952350 0.063143 0.092352
2 0.839775 0.787784 0.057212 0.042204
2 0.277786 0.980453 0.074692 0.039093
2 0.752446 0.742801 0.038254 0.029108
2 0.521969 0.925490 0.056881 0.072015
2 0.802505 0.748901 0.041653 0.033354
2 0.268950 0.765301 0.039190 0.037046
2 0.549357 0.741521 0.025295 0.033260
2 0.315715 0.741568 0.035527 0.038710
2 0.567807 0.788534 0.038693 0.054422
2 0.172199 0.729047 0.036625 0.030263
2 0.469578 0.777817 0.031160 0.042144
2 0.469497 0.741359 0.025333 0.032299
5 0.011121 0.785543 0.022110 0.048178
2 0.852142 0.655182 0.027190 0.015982
2 0.605361 0.903776 0.058744 0.066564
2 0.473116 0.710555 0.018711 0.024733
2 0.572327 0.805814 0.030114 0.027062
