0 0.027438 0.411838 0.054340 0.164545
0 0.464791 0.424053 0.160807 0.325208
0 0.704843 0.443963 0.148312 0.437928
0 0.793493 0.346365 0.024113 0.090855
2 0.192782 0.393008 0.166865 0.126076
0 0.890519 0.349930 0.029772 0.080661
2 0.572868 0.422654 0.194229 0.208817
1 0.050170 0.461988 0.100340 0.109553
0 0.357125 0.352441 0.016263 0.058333
2 0.292897 0.485485 0.191210 0.155326
3 0.539591 0.573254 0.077959 0.211180
5 0.120477 0.264795 0.240768 0.181759
3 0.050263 0.459872 0.100526 0.115548
2 0.447109 0.422765 0.446620 0.209699
2 0.385333 0.479713 0.376558 0.182122
5 0.120514 0.220953 0.239897 0.274043
0 0.331156 0.356844 0.017862 0.059919
2 0.307219 0.373355 0.041196 0.078414
0 0.758220 0.342007 0.043667 0.156555
