2 0.926284 0.720976 0.146269 0.167579
2 0.075495 0.635406 0.099997 0.069207
2 0.709857 0.676385 0.084719 0.081728
2 0.625060 0.653722 0.067682 0.061432
0 0.759930 0.701414 0.045165 0.127450
2 0.286237 0.662373 0.064159 0.076888
0 0.813529 0.708162 0.055263 0.132160
2 0.334406 0.644258 0.027677 0.041585
0 0.579367 0.660182 0.030695 0.084900
2 0.321786 0.650881 0.027061 0.051813
2 0.552369 0.639023 0.040680 0.044217
2 0.356625 0.637699 0.024193 0.030324
2 0.441582 0.632189 0.025612 0.028872
2 0.493556 0.634278 0.022892 0.026308
2 0.831152 0.683909 0.141819 0.130978
2 0.524645 0.635989 0.024123 0.031435
2 0.367523 0.636137 0.033323 0.030436
2 0.430687 0.627628 0.017850 0.022478
2 0.481413 0.632863 0.020301 0.024443
2 0.498032 0.634613 0.020656 0.026164
2 0.503479 0.634662 0.016004 0.026697
2 0.528765 0.636335 0.022145 0.033085
2 0.532561 0.639215 0.019985 0.036887
2 0.360332 0.639045 0.032169 0.031284
2 0.375217 0.635245 0.021580 0.029135
2 0.831658 0.664652 0.141346 0.091523
2 0.561451 0.640612 0.027664 0.041735
2 0.326507 0.649152 0.021735 0.049973
2 0.438854 0.629821 0.031704 0.029401
2 0.294631 0.655266 0.072956 0.060397
2 0.328085 0.646312 0.029812 0.044872
2 0.197775 0.627872 0.046112 0.039615
2 0.557932 0.642169 0.031812 0.047868
0 0.157392 0.711834 0.024861 0.066388
2 0.465477 0.630798 0.017023 0.021062
0 0.084235 0.732639 0.024838 0.069359
1 0.157166 0.711131 0.023572 0.065651
