1 0.452832 0.799328 0.452221 0.373667
2 0.092711 0.539728 0.185423 0.123363
2 0.858515 0.500145 0.196122 0.085236
0 0.426259 0.717553 0.196407 0.560734
2 0.965091 0.597667 0.068778 0.137213
2 0.203755 0.560616 0.283183 0.124597
2 0.717584 0.526203 0.188752 0.114439
2 0.502307 0.499625 0.090465 0.057054
0 0.599259 0.555521 0.065185 0.214529
2 0.978275 0.488252 0.042628 0.044179
0 0.273584 0.685599 0.141666 0.333601
2 0.677507 0.526141 0.269182 0.117687
2 0.427013 0.518225 0.195466 0.104177
2 0.469409 0.521180 0.107420 0.100144
2 0.936539 0.477047 0.084503 0.048086
2 0.566495 0.505081 0.068147 0.067813
2 0.338026 0.503887 0.064376 0.062611
0 0.605811 0.558700 0.046067 0.197874
2 0.530289 0.471029 0.043970 0.033163
2 0.954699 0.482311 0.087455 0.048961
