2 0.328627 0.929835 0.126593 0.138302
2 0.159365 0.933606 0.140623 0.130655
2 0.594448 0.720177 0.075692 0.079434
5 0.873411 0.672987 0.230422 0.227115
2 0.238825 0.635777 0.057542 0.056110
2 0.595645 0.620147 0.055434 0.065535
2 0.471759 0.581439 0.033980 0.042086
2 0.542142 0.557849 0.030454 0.032911
2 0.664127 0.587892 0.041270 0.034047
2 0.377745 0.552236 0.025875 0.022462
2 0.572186 0.550934 0.024383 0.020596
2 0.669497 0.552500 0.038179 0.030665
2 0.459777 0.541618 0.024613 0.025173
2 0.612177 0.583222 0.031314 0.031760
2 0.456981 0.531842 0.024645 0.023398
2 0.377994 0.547213 0.025592 0.031926
2 0.442811 0.524345 0.014468 0.028964
