2 0.103825 0.666262 0.204007 0.264563
4 0.816029 0.514563 0.367942 0.203883
2 0.192168 0.593447 0.118397 0.138350
2 0.263206 0.550971 0.078324 0.077670
2 0.433515 0.525485 0.043716 0.031553
0 0.332423 0.532767 0.012750 0.050971
2 0.477231 0.525485 0.054645 0.041262
2 0.581056 0.523058 0.127505 0.114078
2 0.504554 0.533981 0.043716 0.053398
2 0.410747 0.524272 0.034608 0.033981
4 0.581056 0.523058 0.127505 0.114078
2 0.418944 0.524272 0.025501 0.033981
2 0.304189 0.531553 0.032787 0.038835
2 0.511840 0.536408 0.032787 0.053398
2 0.499089 0.525485 0.043716 0.041262
2 0.581056 0.523058 0.127505 0.114078
4 0.049180 0.468447 0.094718 0.135922
2 0.380692 0.519417 0.018215 0.019417
2 0.370674 0.520631 0.020036 0.016990
2 0.634791 0.560680 0.030965 0.048544
2 0.468124 0.524272 0.036430 0.033981
