2 0.765199 0.644971 0.114492 0.084704
2 0.525661 0.617655 0.041469 0.055907
2 0.480761 0.611749 0.025304 0.027007
2 0.852573 0.648825 0.089074 0.079157
2 0.610444 0.620320 0.041633 0.028188
2 0.691113 0.629214 0.047777 0.046079
2 0.572072 0.615998 0.025637 0.025429
2 0.707820 0.632024 0.032638 0.052254
2 0.500010 0.609198 0.017292 0.021576
2 0.596951 0.618842 0.019596 0.027208
2 0.714813 0.631450 0.036474 0.053675
2 0.710733 0.637326 0.031892 0.063634
2 0.639464 0.616529 0.021719 0.027450
2 0.683613 0.630286 0.032944 0.044574
