2 0.900000 0.684019 0.149091 0.142857
2 0.199091 0.688862 0.132727 0.094431
0 0.655455 0.685230 0.049091 0.193705
2 0.709091 0.662228 0.076364 0.084746
2 0.053636 0.659806 0.100000 0.055690
0 0.470000 0.652542 0.038182 0.094431
2 0.280909 0.669492 0.067273 0.075061
2 0.140000 0.670702 0.080000 0.077482
1 0.474545 0.687651 0.047273 0.053269
2 0.382727 0.647700 0.034545 0.036320
2 0.353636 0.658596 0.038182 0.048426
2 0.591818 0.636804 0.034545 0.048426
0 0.550000 0.641646 0.016364 0.053269
2 0.618182 0.651332 0.036364 0.062954
2 0.324545 0.665860 0.045455 0.053269
2 0.005455 0.732446 0.007273 0.075061
2 0.502727 0.642857 0.034545 0.046005
0 0.408182 0.656174 0.023636 0.053269
2 0.993636 0.665860 0.012727 0.111380
3 0.408182 0.658596 0.023636 0.053269
0 0.569091 0.639225 0.018182 0.048426
2 0.009091 0.732446 0.014545 0.075061
