2 0.660909 0.915254 0.110909 0.125908
2 0.610000 0.785714 0.070909 0.079903
4 0.840909 0.848668 0.314545 0.292978
4 0.227273 0.817191 0.149091 0.210654
2 0.509091 0.783293 0.058182 0.079903
2 0.504545 0.681598 0.038182 0.041162
2 0.539091 0.958838 0.114545 0.082324
2 0.396364 0.728814 0.054545 0.077482
2 0.570000 0.705811 0.049091 0.055690
2 0.305455 0.685230 0.054545 0.048426
2 0.377273 0.623487 0.030909 0.031477
2 0.436364 0.621065 0.025455 0.031477
2 0.155455 0.794189 0.063636 0.087167
2 0.491818 0.641646 0.030909 0.053269
2 0.491818 0.634383 0.030909 0.038741
2 0.445455 0.592010 0.021818 0.026634
4 0.578182 0.594431 0.050909 0.065375
2 0.429091 0.579903 0.018182 0.021792
2 0.569091 0.658596 0.043636 0.038741
0 0.088182 0.746973 0.016364 0.065375
4 0.397273 0.573850 0.045455 0.058111
4 0.490909 0.593220 0.032727 0.048426
