4 0.751918 0.757727 0.221374 0.234321
2 0.476229 0.747204 0.059103 0.081378
2 0.326366 0.659853 0.048412 0.048992
2 0.435668 0.688711 0.043062 0.053677
2 0.027178 0.654792 0.053567 0.050594
2 0.866062 0.713072 0.074999 0.054484
2 0.255362 0.613094 0.044679 0.043024
2 0.737562 0.607098 0.035046 0.035442
2 0.426218 0.599256 0.027352 0.038627
4 0.379665 0.595106 0.043288 0.071346
2 0.479760 0.611419 0.033164 0.030739
2 0.188082 0.636024 0.059595 0.034682
2 0.807377 0.613625 0.062814 0.027032
0 0.273909 0.808356 0.027235 0.087499
2 0.615464 0.610191 0.023653 0.037964
0 0.253442 0.881930 0.025179 0.101146
2 0.124725 0.662390 0.066403 0.040209
2 0.697387 0.610714 0.039656 0.028525
0 0.241711 0.665544 0.013504 0.035665
0 0.192125 0.941809 0.035134 0.113879
2 0.616265 0.615021 0.021426 0.029167
2 0.114962 0.665385 0.047428 0.033391
2 0.762813 0.590313 0.020256 0.016900
2 0.525879 0.735305 0.030041 0.045703
