2 0.891818 0.730024 0.216364 0.423729
2 0.729091 0.703390 0.130909 0.181598
2 0.654545 0.668281 0.094545 0.116223
2 0.597273 0.651332 0.063636 0.082324
2 0.549091 0.635593 0.032727 0.055690
2 0.523636 0.627119 0.025455 0.043584
2 0.429091 0.653753 0.050909 0.116223
2 0.528182 0.627119 0.030909 0.043584
2 0.533636 0.628329 0.020000 0.041162
2 0.570000 0.639225 0.034545 0.062954
2 0.430000 0.652542 0.052727 0.113801
2 0.553636 0.638015 0.034545 0.060533
2 0.460000 0.625908 0.018182 0.046005
0 0.496364 0.628329 0.018182 0.050847
2 0.541818 0.628329 0.029091 0.041162
