2 0.779759 0.638222 0.437984 0.350516
2 0.107736 0.553656 0.106268 0.078164
2 0.547760 0.560110 0.164845 0.182515
2 0.013833 0.563286 0.027578 0.119537
2 0.449298 0.536923 0.055738 0.064450
2 0.417566 0.521206 0.031706 0.036041
2 0.181078 0.531788 0.082720 0.092000
2 0.380813 0.527661 0.036316 0.034113
2 0.231960 0.538762 0.035291 0.046217
2 0.279987 0.531914 0.024013 0.034794
2 0.306678 0.528590 0.021576 0.024714
2 0.330894 0.525349 0.033583 0.024403
2 0.255133 0.528684 0.027416 0.041216
2 0.238043 0.536673 0.026005 0.043884
2 0.222036 0.540793 0.038969 0.049191
5 0.180493 0.531550 0.083583 0.091630
2 0.369799 0.527331 0.016917 0.029257
2 0.242146 0.533569 0.023150 0.040164
2 0.444744 0.529773 0.051978 0.046473
2 0.290246 0.529750 0.024818 0.030146
2 0.425006 0.521773 0.026109 0.034638
2 0.990199 0.639991 0.019008 0.184737
2 0.264407 0.530838 0.047768 0.042850
