2 0.730794 0.764134 0.234810 0.105032
0 0.242672 0.776089 0.086851 0.299395
0 0.053030 0.728403 0.059050 0.162014
1 0.062500 0.780830 0.124580 0.112428
1 0.975211 0.829234 0.048541 0.076156
2 0.415771 0.741949 0.260320 0.104246
0 0.986906 0.761118 0.025355 0.102652
1 0.228217 0.807165 0.164012 0.128076
0 0.874970 0.755078 0.023534 0.077716
0 0.952851 0.755915 0.023138 0.083862
0 0.656188 0.718066 0.017059 0.042359
0 0.672069 0.720578 0.018507 0.041234
3 0.062501 0.766901 0.124454 0.141848
2 0.101084 0.661944 0.198230 0.056333
1 0.244917 0.817035 0.129146 0.106112
0 0.694170 0.713865 0.013061 0.028207
2 0.105271 0.737248 0.209388 0.186770
0 0.312233 0.705424 0.024564 0.046438
