2 0.332608 0.643308 0.203596 0.115974
0 0.948889 0.675956 0.102223 0.248366
2 0.204884 0.620550 0.146617 0.084901
5 0.694737 0.573036 0.104482 0.130513
0 0.533193 0.611639 0.032453 0.063278
0 0.495969 0.610666 0.039678 0.072727
0 0.635520 0.606693 0.023433 0.064884
0 0.818931 0.618906 0.027459 0.070207
2 0.061594 0.603372 0.120645 0.062264
5 0.131364 0.583661 0.145808 0.081154
0 0.427788 0.591327 0.025714 0.039369
2 0.588628 0.582133 0.067495 0.036145
2 0.283759 0.592189 0.054390 0.027309
0 0.427548 0.606069 0.025179 0.069537
2 0.588695 0.574828 0.064367 0.021132
2 0.060777 0.594085 0.120713 0.043383
2 0.353408 0.581752 0.069421 0.014830
2 0.754034 0.597319 0.026624 0.028549
2 0.043046 0.593284 0.083157 0.040772
1 0.498101 0.634294 0.037875 0.028601
3 0.496851 0.634419 0.035455 0.029830
2 0.355777 0.585009 0.079448 0.019597
