2 0.456753 0.652750 0.166786 0.205902
0 0.625993 0.677152 0.089666 0.272359
0 0.200562 0.595081 0.035713 0.098749
2 0.848704 0.601220 0.151721 0.076404
2 0.570621 0.615915 0.108168 0.110516
0 0.297294 0.588419 0.032530 0.075210
0 0.661736 0.709741 0.084388 0.206586
0 0.672094 0.576298 0.024514 0.068327
2 0.954886 0.610114 0.088763 0.095326
1 0.204055 0.622488 0.102609 0.068588
2 0.310109 0.613180 0.135925 0.064717
1 0.605716 0.729022 0.056946 0.129510
3 0.205226 0.621702 0.108146 0.069359
1 0.630829 0.737721 0.101830 0.157200
1 0.657821 0.775513 0.040991 0.087180
2 0.886473 0.605786 0.227053 0.088007
1 0.596511 0.731838 0.037003 0.122800
1 0.645249 0.738375 0.069901 0.158248
1 0.186539 0.622806 0.068125 0.066403
2 0.564365 0.557419 0.021520 0.012590
