2 0.247669 0.793124 0.177559 0.098385
2 0.043498 0.812620 0.086844 0.104885
2 0.885824 0.790893 0.150363 0.143177
2 0.530764 0.758237 0.054036 0.055658
2 0.342172 0.774370 0.066321 0.072820
2 0.989024 0.777468 0.021100 0.145137
2 0.472828 0.749876 0.039188 0.033787
0 0.087868 0.786355 0.023323 0.103079
2 0.219800 0.754605 0.075638 0.039835
2 0.738021 0.763510 0.089047 0.107273
2 0.383278 0.762857 0.059011 0.057668
2 0.434504 0.754495 0.033499 0.039102
2 0.222798 0.748137 0.068896 0.032940
2 0.672825 0.761050 0.042006 0.080474
2 0.413448 0.758270 0.030942 0.049276
2 0.501049 0.744344 0.023926 0.024142
2 0.407903 0.758801 0.038895 0.052916
2 0.399525 0.759276 0.053826 0.051902
0 0.583810 0.738633 0.013737 0.042210
2 0.417394 0.755360 0.031472 0.045405
0 0.625765 0.749622 0.020020 0.061536
