2 0.190693 0.837993 0.252483 0.222455
2 0.523435 0.714659 0.154460 0.132650
2 0.793149 0.776117 0.248501 0.199744
2 0.311424 0.612659 0.106791 0.079640
2 0.484868 0.568810 0.086964 0.062833
2 0.620698 0.559915 0.106023 0.066482
4 0.803634 0.428331 0.117338 0.046482
2 0.929016 0.686662 0.113375 0.119290
2 0.798912 0.572193 0.128219 0.073895
2 0.458238 0.501518 0.058872 0.044801
2 0.352238 0.497841 0.052938 0.036574
2 0.538865 0.486993 0.060128 0.037080
2 0.362963 0.470768 0.044605 0.029226
2 0.429780 0.470613 0.046489 0.030050
2 0.638784 0.498379 0.067284 0.042956
2 0.508975 0.470604 0.047832 0.034193
2 0.575583 0.460624 0.047430 0.031057
2 0.857948 0.504197 0.086311 0.041004
2 0.916950 0.463160 0.075519 0.032226
2 0.502000 0.468185 0.060534 0.031276
