2 0.444082 0.854205 0.092946 0.140782
4 0.339632 0.719113 0.159849 0.271041
2 0.465678 0.586354 0.035163 0.042443
2 0.468602 0.660115 0.047644 0.063060
2 0.518153 0.514367 0.016637 0.018373
0 0.163703 0.691873 0.019313 0.064348
0 0.292301 0.619869 0.013171 0.051629
0 0.739318 0.621044 0.013476 0.054855
2 0.479105 0.519995 0.031956 0.049316
4 0.441489 0.538194 0.032951 0.053788
2 0.441498 0.538460 0.032819 0.052802
0 0.977803 0.640721 0.022474 0.064555
0 0.138913 0.723111 0.015822 0.044029
0 0.827576 0.676435 0.017583 0.048837
0 0.822984 0.673398 0.022805 0.054195
0 0.774127 0.640525 0.015411 0.068292
2 0.417715 0.521606 0.013021 0.020244
0 0.271767 0.617691 0.017074 0.063045
0 0.818047 0.669612 0.016969 0.057542
4 0.480346 0.521465 0.030560 0.049194
0 0.775400 0.647964 0.014067 0.054977
0 0.777740 0.640310 0.018351 0.070947
