2 0.437273 0.656174 0.056364 0.058111
2 0.343636 0.658596 0.061818 0.053269
2 0.922727 0.661017 0.154545 0.092010
3 0.752727 0.668281 0.105455 0.193705
2 0.641818 0.654964 0.054545 0.050847
0 0.899091 0.657385 0.027273 0.099274
2 0.573636 0.644068 0.034545 0.029056
0 0.229091 0.658596 0.014545 0.062954
1 0.517273 0.676755 0.070909 0.050847
2 0.681818 0.641646 0.036364 0.058111
3 0.504545 0.676755 0.045455 0.050847
2 0.693636 0.657385 0.027273 0.075061
2 0.612727 0.651332 0.029091 0.038741
0 0.501818 0.654964 0.032727 0.084746
0 0.498182 0.652542 0.029091 0.075061
2 0.879091 0.659806 0.067273 0.089588
2 0.380909 0.652542 0.027273 0.046005
0 0.172727 0.659806 0.021818 0.075061
0 0.519091 0.652542 0.020000 0.065375
0 0.176364 0.659806 0.018182 0.075061
2 0.685455 0.652542 0.040000 0.075061
2 0.566364 0.646489 0.030909 0.029056
