0 0.593829 0.454196 0.076730 0.248325
0 0.406897 0.425018 0.060913 0.207106
0 0.909653 0.451785 0.116815 0.266061
0 0.276290 0.386882 0.027642 0.093082
2 0.545407 0.361036 0.050547 0.056073
2 0.214603 0.366107 0.083506 0.061842
2 0.626082 0.360014 0.053682 0.044886
2 0.914012 0.352564 0.171448 0.132508
0 0.458291 0.369726 0.016795 0.053156
0 0.329796 0.374153 0.017297 0.068027
2 0.671368 0.349504 0.072292 0.052746
2 0.355528 0.367473 0.039362 0.063590
2 0.683046 0.349355 0.047716 0.050966
3 0.895814 0.575018 0.087918 0.199768
2 0.146623 0.366559 0.113269 0.070704
2 0.512891 0.361935 0.028326 0.035679
3 0.906465 0.563578 0.112230 0.226794
2 0.511511 0.367067 0.035222 0.045681
2 0.517768 0.362591 0.041561 0.038895
0 0.303323 0.379263 0.019433 0.066476
