2 0.826364 0.791768 0.343636 0.397094
1 0.534545 0.662228 0.156364 0.210654
0 0.144545 0.581114 0.285455 0.503632
2 0.636364 0.444310 0.080000 0.079903
2 0.316364 0.533898 0.345455 0.384988
0 0.702727 0.491525 0.049091 0.203390
2 0.756364 0.426150 0.054545 0.043584
7 0.932727 0.420097 0.134545 0.239709
2 0.853636 0.434625 0.034545 0.060533
0 0.529091 0.549637 0.167273 0.295400
2 0.969091 0.572639 0.061818 0.065375
0 0.702727 0.464891 0.045455 0.150121
0 0.030909 0.416465 0.040000 0.092010
1 0.164545 0.766344 0.325455 0.346247
0 0.555455 0.549637 0.118182 0.290557
0 0.566364 0.426150 0.027273 0.077482
0 0.535455 0.397094 0.038182 0.033898
2 0.590909 0.451574 0.058182 0.094431
2 0.969091 0.601695 0.061818 0.123487
1 0.225455 0.750605 0.203636 0.305085
0 0.496364 0.605327 0.098182 0.184019
1 0.164545 0.788136 0.325455 0.389831
0 0.507273 0.398305 0.018182 0.021792
2 0.018182 0.521792 0.032727 0.157385
2 0.017273 0.464891 0.030909 0.043584
2 0.688182 0.430993 0.034545 0.062954
2 0.687273 0.428571 0.032727 0.048426
