2 0.310832 0.870306 0.092341 0.121107
2 0.591151 0.902710 0.095182 0.123431
2 0.356117 0.724385 0.046074 0.061205
2 0.538382 0.734781 0.051393 0.057694
2 0.184004 0.716957 0.056315 0.052085
5 0.544541 0.642310 0.055963 0.089532
2 0.303962 0.683553 0.042257 0.045522
2 0.687572 0.681680 0.041944 0.052290
5 0.384592 0.612988 0.037601 0.063363
2 0.146018 0.823284 0.115665 0.133530
0 0.035866 0.765324 0.019250 0.059586
5 0.466155 0.639079 0.045214 0.079333
5 0.465567 0.620368 0.047763 0.124064
2 0.123530 0.777074 0.082727 0.079472
7 0.631847 0.662929 0.068191 0.099941
2 0.419705 0.631641 0.025866 0.031963
5 0.630574 0.663400 0.069763 0.100924
0 0.071540 0.763231 0.020785 0.055590
2 0.337479 0.630294 0.026013 0.024804
2 0.307323 0.621837 0.022271 0.023936
5 0.419012 0.625542 0.029388 0.042888
2 0.299161 0.651106 0.036132 0.036242
2 0.499183 0.608524 0.023627 0.040735
5 0.417786 0.612156 0.032614 0.068155
5 0.616397 0.630536 0.051898 0.073976
0 0.076520 0.760698 0.017964 0.050648
0 0.093324 0.731854 0.016592 0.043319
