2 0.445455 0.945521 0.116364 0.108959
2 0.220909 0.754237 0.092727 0.099274
2 0.241818 0.864407 0.112727 0.135593
2 0.413636 0.722760 0.060000 0.084746
2 0.303636 0.653753 0.047273 0.053269
2 0.469091 0.648910 0.040000 0.053269
0 0.108182 0.765133 0.023636 0.077482
2 0.564545 0.633172 0.038182 0.046005
2 0.367273 0.624697 0.032727 0.038741
2 0.493636 0.607748 0.030909 0.038741
2 0.551818 0.604116 0.030909 0.046005
2 0.411818 0.592010 0.027273 0.031477
2 0.459091 0.583535 0.023636 0.029056
2 0.497273 0.577482 0.023636 0.026634
0 0.040909 0.680387 0.016364 0.048426
2 0.432727 0.569007 0.021818 0.024213
2 0.630000 0.559322 0.027273 0.029056
2 0.440909 0.608959 0.030909 0.041162
2 0.528182 0.549637 0.023636 0.019370
2 0.377273 0.590799 0.030909 0.033898
2 0.464545 0.558111 0.023636 0.021792
2 0.349091 0.593220 0.029091 0.024213
0 0.132727 0.644068 0.014545 0.029056
2 0.400000 0.572639 0.025455 0.031477
2 0.550000 0.598063 0.030909 0.038741
2 0.421818 0.537530 0.018182 0.019370
