2 0.535455 0.719128 0.241818 0.256659
2 0.793636 0.691283 0.205455 0.162228
2 0.929091 0.713075 0.141818 0.307506
2 0.183636 0.687651 0.294545 0.193705
2 0.050000 0.659806 0.096364 0.147700
2 0.380909 0.651332 0.096364 0.096852
2 0.685455 0.664649 0.090909 0.104116
2 0.890909 0.627119 0.105455 0.072639
2 0.307273 0.631961 0.054545 0.058111
2 0.639091 0.645278 0.038182 0.055690
2 0.426364 0.633172 0.045455 0.050847
2 0.341818 0.616223 0.025455 0.026634
4 0.769091 0.583535 0.203636 0.077482
4 0.970000 0.538741 0.060000 0.104116
