2 0.927935 0.732861 0.128669 0.110744
2 0.968257 0.737913 0.062934 0.121758
0 0.382709 0.754774 0.033071 0.128745
0 0.602292 0.723802 0.021164 0.075805
2 0.715916 0.719960 0.095547 0.063179
0 0.100172 0.789383 0.055323 0.213426
0 0.024237 0.844958 0.047956 0.303727
2 0.669877 0.717951 0.072217 0.057707
2 0.048828 0.744751 0.096994 0.166705
0 0.530387 0.721385 0.020383 0.068669
2 0.470221 0.701654 0.053096 0.041184
2 0.869376 0.726218 0.122144 0.082451
4 0.124170 0.674107 0.245121 0.176138
2 0.765924 0.724423 0.133529 0.077952
2 0.826460 0.723798 0.117726 0.081722
0 0.214933 0.778022 0.046972 0.181032
2 0.578866 0.709810 0.079385 0.061707
0 0.413414 0.722471 0.023947 0.071815
0 0.319323 0.769882 0.033312 0.152646
0 0.167146 0.780374 0.050449 0.187040
0 0.344989 0.765454 0.057009 0.158392
2 0.595496 0.706697 0.112569 0.060412
2 0.619981 0.707679 0.163316 0.065191
0 0.216163 0.739135 0.044845 0.105010
2 0.643475 0.709446 0.096160 0.066190
2 0.628016 0.711101 0.069446 0.068593
2 0.683246 0.716988 0.099577 0.061412
0 0.279692 0.737515 0.018632 0.084543
0 0.171015 0.785919 0.037586 0.160113
0 0.505340 0.706261 0.013256 0.043110
