2 0.613636 0.783765 0.107273 0.080491
2 0.418182 0.872442 0.145455 0.113233
2 0.615455 0.903820 0.158182 0.129604
2 0.323636 0.731241 0.105455 0.062756
2 0.467273 0.772169 0.105455 0.073670
2 0.187273 0.860846 0.192727 0.128240
2 0.827273 0.680082 0.072727 0.039563
2 0.603636 0.708731 0.080000 0.055935
2 0.379091 0.677353 0.078182 0.055935
2 0.583636 0.671896 0.058182 0.039563
2 0.469091 0.718281 0.087273 0.058663
2 0.068182 0.682128 0.103636 0.043656
2 0.159091 0.624147 0.063636 0.028649
2 0.765455 0.597544 0.029091 0.016371
2 0.299091 0.607776 0.045455 0.023192
4 0.570000 0.566166 0.034545 0.032742
2 0.480000 0.676671 0.061818 0.035471
2 0.029091 0.662347 0.054545 0.045020
2 0.414545 0.652115 0.047273 0.032742
2 0.197273 0.580491 0.030909 0.017735
2 0.575455 0.639836 0.041818 0.019100
2 0.039091 0.737381 0.070909 0.064120
2 0.522727 0.633697 0.045455 0.031378
2 0.260000 0.649386 0.080000 0.038199
2 0.427273 0.632333 0.040000 0.017735
2 0.352727 0.605730 0.032727 0.024557
2 0.336364 0.580491 0.043636 0.025921
2 0.396364 0.592087 0.029091 0.024557
4 0.418182 0.551160 0.043636 0.027285
