2 0.774033 0.745023 0.115436 0.087944
2 0.093393 0.753009 0.129184 0.092389
2 0.352010 0.754841 0.124163 0.107297
5 0.747921 0.684927 0.343729 0.154805
2 0.184200 0.748278 0.068573 0.071786
5 0.928065 0.772453 0.143472 0.294234
2 0.516739 0.726232 0.048346 0.039030
2 0.424259 0.725410 0.050119 0.077798
2 0.286579 0.733121 0.048633 0.051128
7 0.425954 0.725515 0.053984 0.078103
2 0.485618 0.716258 0.019205 0.020821
2 0.560507 0.720999 0.026189 0.021996
2 0.465518 0.721106 0.016087 0.019749
2 0.454215 0.727374 0.016401 0.026895
