2 0.312727 0.669492 0.181818 0.108959
2 0.544545 0.675545 0.118182 0.125908
0 0.178182 0.677966 0.069091 0.169492
2 0.454545 0.653753 0.098182 0.062954
2 0.108182 0.650121 0.056364 0.070218
2 0.779091 0.650121 0.081818 0.070218
0 0.237273 0.625908 0.038182 0.055690
3 0.177273 0.734867 0.060000 0.123487
2 0.853636 0.652542 0.100000 0.089588
2 0.601818 0.628329 0.018182 0.036320
0 0.630000 0.639225 0.020000 0.067797
0 0.728182 0.657385 0.020000 0.084746
0 0.680909 0.669492 0.023636 0.094431
2 0.830909 0.653753 0.054545 0.087167
2 0.720909 0.611380 0.027273 0.021792
2 0.600909 0.634383 0.020000 0.038741
2 0.795455 0.647700 0.110909 0.075061
0 0.236364 0.634383 0.040000 0.082324
2 0.949091 0.585956 0.101818 0.043584
2 0.645455 0.623487 0.043636 0.041162
0 0.728182 0.645278 0.016364 0.050847
2 0.650909 0.623487 0.032727 0.041162
2 0.916364 0.648910 0.116364 0.072639
