2 0.570926 0.860524 0.266042 0.271720
2 0.056249 0.802060 0.111688 0.123741
2 0.202164 0.804316 0.174815 0.128746
0 0.375597 0.807385 0.061880 0.179875
2 0.849586 0.775587 0.060218 0.043097
2 0.442160 0.786546 0.058597 0.083293
2 0.924955 0.781837 0.071250 0.050419
2 0.408529 0.800553 0.050312 0.122223
0 0.825595 0.796869 0.017497 0.055114
2 0.137355 0.763225 0.078342 0.070652
2 0.364065 0.818768 0.107959 0.110911
2 0.977920 0.776139 0.043280 0.039610
2 0.925342 0.766934 0.052945 0.023721
3 0.364111 0.841170 0.083471 0.139329
2 0.979163 0.790873 0.041267 0.068086
2 0.373087 0.804999 0.124031 0.114779
0 0.518738 0.771933 0.042157 0.039021
2 0.977405 0.766846 0.041326 0.019300
2 0.441725 0.771153 0.057667 0.054459
2 0.978329 0.770123 0.042627 0.030176
