2 0.832909 0.759771 0.112700 0.089810
0 0.257977 0.959952 0.023314 0.080020
2 0.308992 0.750745 0.081254 0.074217
0 0.164483 0.940240 0.035086 0.119520
2 0.496352 0.666818 0.043006 0.039962
0 0.212632 0.804441 0.021177 0.088844
0 0.188269 0.950153 0.025975 0.097423
2 0.366717 0.635986 0.027092 0.030893
2 0.562716 0.720671 0.078118 0.068560
2 0.212366 0.677796 0.037742 0.044041
0 0.537938 0.957635 0.036533 0.084391
0 0.464223 0.945654 0.030155 0.108692
2 0.594644 0.661286 0.056107 0.048845
2 0.853915 0.725659 0.090441 0.072307
0 0.466228 0.875568 0.028912 0.056918
2 0.533019 0.684384 0.050504 0.046605
2 0.901994 0.708216 0.091335 0.070192
2 0.292737 0.718847 0.071343 0.055303
2 0.442700 0.648613 0.036416 0.040537
2 0.307020 0.687557 0.046052 0.041354
2 0.648188 0.653780 0.062378 0.050354
2 0.439953 0.603548 0.028452 0.028391
2 0.735949 0.717590 0.086195 0.058976
2 0.646201 0.647012 0.057236 0.036580
2 0.593925 0.652515 0.056201 0.045790
2 0.356989 0.668604 0.026267 0.026786
0 0.132555 0.726646 0.023661 0.058213
2 0.864215 0.731324 0.082793 0.080039
2 0.589015 0.647448 0.048074 0.038008
2 0.587549 0.640421 0.047348 0.036286
2 0.716364 0.658241 0.081003 0.066053
2 0.531534 0.631747 0.040488 0.032987
2 0.530274 0.676825 0.047130 0.042120
2 0.315879 0.696398 0.064103 0.058259
2 0.358564 0.666216 0.024899 0.020814
2 0.810024 0.669508 0.077895 0.057050
2 0.779827 0.705762 0.045700 0.035153
2 0.649740 0.663365 0.064931 0.068425
