4 0.197830 0.748666 0.111997 0.091131
2 0.423149 0.749661 0.027523 0.031994
2 0.779767 0.774760 0.045302 0.034071
2 0.365807 0.871832 0.051229 0.053470
4 0.966181 0.800798 0.066216 0.102411
2 0.219427 0.919040 0.082283 0.108516
2 0.410466 0.800168 0.034252 0.037926
2 0.331258 0.795430 0.038545 0.043934
2 0.344043 0.753512 0.038485 0.044969
2 0.462607 0.794683 0.031114 0.039834
2 0.835077 0.936858 0.102963 0.089042
2 0.452676 0.845326 0.043236 0.046277
2 0.249115 0.831588 0.059464 0.065054
2 0.849329 0.840599 0.073659 0.052222
2 0.079882 0.844791 0.082337 0.056185
5 0.538848 0.949673 0.062905 0.099465
2 0.323312 0.985292 0.073833 0.029417
2 0.467016 0.757646 0.027805 0.023449
2 0.539202 0.953831 0.061604 0.092211
2 0.464086 0.788083 0.030580 0.035451
2 0.240805 0.843616 0.043445 0.045231
2 0.522079 0.780809 0.034960 0.055470
2 0.175130 0.812500 0.069471 0.048275
2 0.394267 0.717469 0.027171 0.026089
2 0.464787 0.780698 0.030009 0.023999
4 0.513291 0.695308 0.029312 0.064067
5 0.513514 0.696438 0.029412 0.065885
2 0.522096 0.767954 0.033803 0.030104
2 0.479816 0.689764 0.022534 0.021518
2 0.305200 0.722271 0.032651 0.036057
2 0.440270 0.717107 0.018890 0.027612
2 0.354075 0.707725 0.028880 0.024910
2 0.395409 0.688951 0.020606 0.019297
2 0.539847 0.969608 0.059740 0.060784
2 0.110867 0.855952 0.055492 0.045311
