2 0.246277 0.640507 0.072120 0.056083
2 0.067695 0.646229 0.107379 0.056088
2 0.347790 0.637725 0.059956 0.042453
2 0.501839 0.629202 0.048691 0.051614
2 0.578603 0.934262 0.838075 0.121185
2 0.173027 0.643718 0.074072 0.051832
2 0.473180 0.622847 0.022530 0.031515
2 0.588390 0.624104 0.022224 0.022700
2 0.303918 0.636585 0.036561 0.040846
2 0.412597 0.625897 0.029894 0.021698
2 0.817622 0.625910 0.043250 0.044338
2 0.359777 0.631099 0.039176 0.048744
2 0.811523 0.625544 0.030212 0.041140
2 0.420386 0.626565 0.041850 0.023456
2 0.557301 0.624910 0.015250 0.016332
2 0.388985 0.621201 0.024155 0.020738
