2 0.631673 0.726295 0.089629 0.086518
2 0.571417 0.637943 0.058055 0.051909
2 0.423651 0.668211 0.054970 0.068554
2 0.521095 0.691977 0.067961 0.084804
2 0.123803 0.628431 0.061095 0.054746
2 0.371468 0.571350 0.034786 0.033360
0 0.237115 0.889956 0.029511 0.108947
2 0.376093 0.527648 0.025544 0.026517
2 0.757179 0.560120 0.033971 0.022214
2 0.422081 0.548147 0.025881 0.024287
0 0.210460 0.850652 0.027087 0.100000
2 0.334193 0.538615 0.022187 0.020835
2 0.268685 0.538002 0.023733 0.020442
0 0.161903 0.911871 0.022078 0.123426
2 0.354871 0.678958 0.038154 0.036937
2 0.225754 0.561740 0.038179 0.033672
2 0.165339 0.605136 0.044072 0.041134
