2 0.236978 0.632457 0.473676 0.245964
2 0.904780 0.624677 0.189600 0.155841
0 0.565191 0.648275 0.104753 0.243240
2 0.952473 0.700401 0.094443 0.190292
2 0.033536 0.532706 0.066409 0.066111
1 0.538389 0.687787 0.054228 0.171684
2 0.309485 0.561536 0.072377 0.073991
5 0.666848 0.596450 0.299727 0.259686
2 0.667448 0.596182 0.299195 0.258510
2 0.354942 0.564057 0.030736 0.063698
5 0.435523 0.550942 0.145725 0.127873
0 0.812104 0.560311 0.020212 0.047771
1 0.535958 0.685179 0.042526 0.141132
0 0.475546 0.580439 0.042971 0.072770
0 0.444441 0.574981 0.045377 0.085455
2 0.307895 0.552415 0.069096 0.054203
0 0.454848 0.575332 0.068384 0.090868
0 0.439121 0.581984 0.046356 0.102231
0 0.476843 0.602486 0.043331 0.111753
0 0.439366 0.569765 0.034122 0.074699
0 0.831081 0.551813 0.014694 0.043910
1 0.561593 0.685642 0.099119 0.176308
2 0.498476 0.582634 0.047699 0.068946
3 0.474686 0.659579 0.045020 0.138415
