0 0.925232 0.746684 0.054433 0.169156
0 0.435206 0.709271 0.027172 0.077794
2 0.971147 0.712300 0.056796 0.065219
0 0.789310 0.710335 0.035077 0.110949
0 0.737053 0.704371 0.024196 0.056147
1 0.733451 0.716186 0.059403 0.046118
1 0.065988 0.700293 0.046824 0.058142
0 0.095473 0.682485 0.022878 0.090926
1 0.614263 0.686017 0.036708 0.023539
1 0.035394 0.711556 0.050489 0.040039
1 0.042351 0.706534 0.063876 0.047681
0 0.381460 0.695625 0.014617 0.042446
0 0.058423 0.679083 0.027354 0.074084
1 0.027348 0.711589 0.036362 0.040252
1 0.075913 0.700163 0.039296 0.058461
0 0.074558 0.690816 0.023306 0.073563
0 0.362683 0.721591 0.008927 0.020944
0 0.231431 0.659227 0.016380 0.034835
