2 0.647273 0.846247 0.145455 0.162228
2 0.930000 0.934625 0.140000 0.125908
2 0.886364 0.736077 0.140000 0.111380
2 0.765455 0.730024 0.138182 0.128329
4 0.915455 0.627119 0.169091 0.174334
2 0.160000 0.694915 0.112727 0.116223
2 0.591818 0.674334 0.078182 0.094431
2 0.753636 0.615012 0.096364 0.077482
2 0.546364 0.578692 0.056364 0.062954
2 0.321818 0.549637 0.050909 0.062954
2 0.643636 0.598063 0.076364 0.072639
2 0.397273 0.585956 0.067273 0.096852
2 0.400909 0.455206 0.030909 0.033898
2 0.325455 0.452785 0.029091 0.033898
2 0.529091 0.518160 0.040000 0.048426
2 0.310909 0.510896 0.040000 0.048426
2 0.433636 0.463680 0.023636 0.041162
2 0.805455 0.583535 0.072727 0.062954
2 0.352727 0.438257 0.021818 0.019370
2 0.605455 0.529056 0.054545 0.055690
2 0.519091 0.486683 0.034545 0.053269
2 0.570000 0.484262 0.034545 0.038741
2 0.420000 0.429782 0.021818 0.021792
2 0.522727 0.496368 0.041818 0.072639
2 0.334545 0.429782 0.021818 0.021792
2 0.675455 0.527845 0.063636 0.048426
2 0.727273 0.527845 0.054545 0.048426
2 0.632727 0.489104 0.047273 0.033898
2 0.680909 0.487893 0.041818 0.031477
2 0.609091 0.470944 0.040000 0.031477
2 0.550909 0.452785 0.032727 0.029056
2 0.511818 0.452785 0.030909 0.019370
