2 0.875455 0.911622 0.136364 0.104116
2 0.251818 0.886199 0.096364 0.116223
5 0.639091 0.650121 0.081818 0.108959
2 0.174545 0.840194 0.098182 0.101695
2 0.483636 0.949153 0.083636 0.101695
2 0.725455 0.891041 0.083636 0.096852
2 0.372727 0.895884 0.087273 0.106538
2 0.607273 0.897094 0.098182 0.128329
5 0.423636 0.684019 0.069091 0.108959
2 0.693636 0.829298 0.078182 0.079903
2 0.492727 0.855932 0.065455 0.099274
2 0.800909 0.979419 0.125455 0.041162
2 0.243636 0.761501 0.069091 0.070218
2 0.772727 0.819613 0.087273 0.084746
2 0.160909 0.765133 0.074545 0.067797
2 0.037273 0.819613 0.070909 0.084746
2 0.104545 0.748184 0.070909 0.058111
2 0.316364 0.762712 0.058182 0.067797
2 0.387273 0.819613 0.069091 0.079903
5 0.321818 0.671913 0.058182 0.079903
2 0.576364 0.814770 0.065455 0.065375
0 0.924545 0.682809 0.012727 0.048426
5 0.504545 0.616223 0.060000 0.041162
2 0.409091 0.762712 0.054545 0.062954
2 0.005455 0.922518 0.007273 0.048426
5 0.320909 0.671913 0.060000 0.079903
2 0.640909 0.979419 0.096364 0.041162
2 0.650000 0.773608 0.060000 0.070218
2 0.705455 0.749395 0.047273 0.050847
2 0.683636 0.711864 0.050909 0.029056
2 0.617273 0.725182 0.052727 0.036320
2 0.594545 0.699758 0.036364 0.029056
2 0.545455 0.725182 0.043636 0.046005
2 0.567273 0.761501 0.050909 0.036320
2 0.482727 0.782082 0.052727 0.048426
2 0.480909 0.742131 0.041818 0.041162
2 0.485455 0.707022 0.040000 0.033898
2 0.483636 0.685230 0.029091 0.024213
2 0.539091 0.691283 0.034545 0.026634
2 0.578182 0.664649 0.043636 0.050847
2 0.532727 0.668281 0.036364 0.029056
2 0.182727 0.700969 0.052727 0.046005
2 0.219091 0.670702 0.041818 0.033898
2 0.256364 0.677966 0.043636 0.053269
2 0.700000 0.669492 0.043636 0.036320
