2 0.815455 0.730024 0.085455 0.075061
2 0.729091 0.723971 0.083636 0.082324
2 0.860000 0.694915 0.087273 0.062954
2 0.630000 0.704600 0.063636 0.067797
2 0.156364 0.880145 0.130909 0.147700
2 0.558182 0.740920 0.069091 0.087167
2 0.524545 0.629540 0.034545 0.048426
2 0.729091 0.656174 0.061818 0.058111
2 0.403636 0.573850 0.061818 0.029056
2 0.804545 0.617433 0.056364 0.038741
5 0.519091 0.584746 0.049091 0.084746
2 0.650909 0.644068 0.061818 0.062954
2 0.602727 0.661017 0.049091 0.053269
2 0.689091 0.621065 0.040000 0.036320
2 0.750909 0.587167 0.040000 0.031477
2 0.580000 0.624697 0.036364 0.043584
2 0.150000 0.633172 0.056364 0.036320
2 0.370000 0.544794 0.049091 0.033898
