2 0.163102 0.775563 0.325381 0.378910
2 0.703710 0.686180 0.095390 0.094168
2 0.432656 0.651715 0.043340 0.041275
2 0.505796 0.655019 0.036349 0.033760
2 0.364748 0.649908 0.056846 0.041427
2 0.305423 0.647998 0.065515 0.060184
2 0.546588 0.653892 0.024473 0.028810
2 0.473140 0.648790 0.027766 0.023937
2 0.264243 0.652846 0.058243 0.066527
2 0.259008 0.642961 0.046416 0.047978
2 0.550497 0.652384 0.034119 0.029589
2 0.565540 0.651953 0.017140 0.025758
2 0.527423 0.650311 0.022410 0.031735
2 0.562736 0.651125 0.023213 0.028187
