2 0.745902 0.852050 0.103825 0.078431
2 0.632969 0.901070 0.122040 0.112299
2 0.100182 0.949198 0.149362 0.101604
2 0.370674 0.855615 0.089253 0.089127
2 0.218579 0.835116 0.094718 0.076649
5 0.055556 0.702317 0.107468 0.092692
2 0.595628 0.794118 0.076503 0.058824
2 0.680328 0.777184 0.071038 0.053476
2 0.953552 0.952763 0.092896 0.094474
2 0.217668 0.989305 0.125683 0.021390
2 0.871585 0.953654 0.198543 0.092692
2 0.375228 0.790553 0.069217 0.062389
2 0.047359 0.874332 0.091075 0.130125
2 0.828780 0.807487 0.105647 0.092692
2 0.315118 0.762923 0.061931 0.060606
2 0.351548 0.707665 0.047359 0.039216
5 0.315118 0.672906 0.080146 0.069519
2 0.189435 0.763815 0.072860 0.058824
2 0.070128 0.820856 0.132969 0.112299
2 0.850638 0.701426 0.051002 0.040998
2 0.415301 0.710339 0.054645 0.062389
2 0.571038 0.729055 0.063752 0.071301
2 0.746812 0.751337 0.069217 0.055258
2 0.571038 0.728164 0.060109 0.069519
2 0.236794 0.737077 0.051002 0.044563
2 0.663934 0.682709 0.045537 0.035651
2 0.277778 0.710339 0.052823 0.051693
2 0.399818 0.663993 0.034608 0.030303
2 0.831512 0.662210 0.030965 0.019608
2 0.438980 0.673797 0.036430 0.024955
2 0.533698 0.680036 0.029144 0.019608
2 0.546448 0.695187 0.025501 0.028520
2 0.550091 0.689840 0.036430 0.017825
2 0.577413 0.665775 0.029144 0.030303
2 0.607468 0.670232 0.030965 0.032086
2 0.588342 0.636364 0.029144 0.017825
2 0.560109 0.647950 0.027322 0.016043
5 0.533698 0.654189 0.040073 0.039216
2 0.728597 0.663993 0.032787 0.019608
2 0.185792 0.668449 0.043716 0.024955
2 0.127505 0.698752 0.040073 0.028520
5 0.451730 0.643494 0.040073 0.032086
2 0.976321 0.725490 0.047359 0.039216
2 0.974499 0.696970 0.051002 0.024955
2 0.968124 0.678253 0.049180 0.023173
