2 0.037385 0.849198 0.074769 0.084882
2 0.305001 0.855614 0.192692 0.161715
2 0.420755 0.814113 0.079222 0.074308
2 0.527590 0.797953 0.043396 0.031564
2 0.671161 0.783538 0.050676 0.032342
2 0.460144 0.803572 0.034846 0.052779
2 0.484441 0.793299 0.019142 0.020436
2 0.148035 0.816826 0.040763 0.036972
2 0.095422 0.826251 0.052019 0.046076
2 0.138109 0.817937 0.057735 0.038549
2 0.128731 0.819238 0.040743 0.038442
2 0.516086 0.783622 0.025366 0.023759
2 0.514583 0.789581 0.026147 0.031128
2 0.670391 0.794592 0.054045 0.054538
2 0.852745 0.773072 0.060519 0.048988
2 0.468743 0.792727 0.017683 0.020730
2 0.928811 0.780129 0.140041 0.054302
2 0.765800 0.786921 0.120995 0.091302
