2 0.925319 0.945652 0.149362 0.108696
2 0.940801 0.795987 0.118397 0.093645
2 0.654827 0.839465 0.125683 0.093645
2 0.752277 0.758361 0.102004 0.068562
2 0.916211 0.659699 0.061931 0.035117
2 0.285974 0.709866 0.083789 0.058528
2 0.832423 0.724916 0.083789 0.058528
2 0.682149 0.684783 0.067395 0.045151
2 0.586521 0.721572 0.069217 0.058528
2 0.396175 0.704849 0.067395 0.055184
2 0.336066 0.800167 0.122040 0.138796
2 0.697632 0.989130 0.160291 0.021739
2 0.644809 0.648829 0.051002 0.036789
2 0.763206 0.674749 0.069217 0.045151
2 0.427140 0.640468 0.049180 0.040134
2 0.589253 0.678930 0.056466 0.046823
2 0.572860 0.649666 0.045537 0.035117
2 0.714026 0.643813 0.051002 0.030100
2 0.555556 0.617057 0.043716 0.033445
2 0.032787 0.672241 0.061931 0.043478
2 0.318761 0.633779 0.047359 0.033445
3 0.948087 0.724916 0.034608 0.055184
2 0.459927 0.612040 0.038251 0.033445
5 0.161202 0.561873 0.049180 0.033445
2 0.683060 0.627090 0.043716 0.026756
2 0.239526 0.672241 0.056466 0.053512
5 0.482696 0.581104 0.029144 0.028428
2 0.361566 0.617057 0.034608 0.020067
2 0.395264 0.619565 0.032787 0.031773
2 0.416211 0.603679 0.027322 0.023411
2 0.447177 0.582776 0.027322 0.018395
2 0.622951 0.626254 0.036430 0.021739
2 0.601093 0.607860 0.036430 0.018395
2 0.640255 0.606187 0.027322 0.021739
