2 0.967273 0.775081 0.065455 0.190939
2 0.665455 0.755663 0.134545 0.300971
0 0.383636 0.800971 0.065455 0.197411
2 0.014545 0.843042 0.025455 0.223301
3 0.380909 0.852751 0.067273 0.165049
0 0.107273 0.784790 0.036364 0.158576
0 0.543636 0.745955 0.029091 0.093851
3 0.542727 0.776699 0.027273 0.071197
0 0.492727 0.749191 0.014545 0.074434
2 0.663636 0.724919 0.138182 0.368932
3 0.588182 0.758900 0.020000 0.061489
0 0.446364 0.745955 0.016364 0.067961
3 0.493636 0.754045 0.016364 0.071197
0 0.431818 0.741100 0.016364 0.071197
