2 0.118419 0.692566 0.236839 0.126678
2 0.816053 0.660432 0.193826 0.081408
0 0.416811 0.666909 0.022474 0.080218
0 0.361324 0.672115 0.025849 0.086628
0 0.945302 0.641782 0.022870 0.071806
0 0.333399 0.671954 0.026672 0.082586
0 0.299526 0.670534 0.032137 0.082942
0 0.673311 0.650823 0.026925 0.075660
0 0.441981 0.663992 0.028968 0.085792
1 0.264945 0.694079 0.048629 0.058097
3 0.262858 0.693480 0.052134 0.059889
0 0.621673 0.653569 0.017566 0.067672
0 0.978365 0.637978 0.022174 0.059958
1 0.316122 0.692483 0.040463 0.055190
3 0.491076 0.682233 0.076165 0.059184
0 0.258434 0.673307 0.032005 0.079365
0 0.633843 0.655121 0.015630 0.063694
0 0.392226 0.670563 0.027596 0.082987
0 0.961588 0.636120 0.016797 0.058650
1 0.271379 0.696251 0.034586 0.054823
1 0.402631 0.684516 0.024491 0.057760
1 0.393103 0.683969 0.033979 0.059351
