2 0.340909 0.812632 0.041818 0.050526
2 0.297273 0.812632 0.041818 0.037895
2 0.597273 0.754737 0.027273 0.027368
4 0.982727 0.737895 0.034545 0.065263
2 0.413636 0.781053 0.038182 0.033684
2 0.570000 0.722105 0.027273 0.021053
2 0.464545 0.708421 0.020000 0.023158
2 0.637273 0.711579 0.023636 0.021053
2 0.024545 0.764211 0.045455 0.042105
2 0.499091 0.697895 0.020000 0.018947
2 0.440000 0.704211 0.021818 0.018947
2 0.216364 0.696842 0.036364 0.029474
2 0.806364 0.710526 0.038182 0.035789
2 0.620000 0.675789 0.018182 0.016842
4 0.806364 0.711579 0.038182 0.037895
2 0.511818 0.661053 0.012727 0.012632
2 0.480909 0.672632 0.012727 0.014737
2 0.710909 0.656842 0.021818 0.016842
4 0.680000 0.623158 0.025455 0.029474
2 0.566364 0.651579 0.012727 0.023158
2 0.624545 0.646316 0.027273 0.016842
