2 0.174438 0.550276 0.141886 0.076312
2 0.461169 0.539695 0.059603 0.044910
0 0.771337 0.528299 0.012301 0.035790
0 0.255244 0.545485 0.013759 0.048248
0 0.296325 0.541151 0.014882 0.060563
5 0.400733 0.521992 0.068854 0.083335
0 0.272280 0.544077 0.017590 0.043968
0 0.536081 0.526419 0.014080 0.056882
0 0.595420 0.534847 0.015435 0.048473
0 0.530059 0.530889 0.010578 0.050723
0 0.532696 0.533193 0.014023 0.050884
0 0.121587 0.526957 0.017022 0.038409
0 0.275567 0.545557 0.014204 0.051855
0 0.525844 0.529504 0.013739 0.055755
