2 0.099061 0.563279 0.130900 0.084836
2 0.321427 0.563975 0.143670 0.095608
2 0.035034 0.562817 0.069839 0.076563
2 0.899105 0.538212 0.111465 0.073604
0 0.830831 0.561399 0.037732 0.134201
2 0.211401 0.545054 0.093712 0.064218
1 0.613209 0.554252 0.060312 0.054832
2 0.808740 0.520777 0.046807 0.048358
0 0.610687 0.526606 0.029264 0.070731
2 0.161609 0.542873 0.054584 0.058357
2 0.757098 0.510970 0.034967 0.030696
2 0.291270 0.519537 0.061901 0.035589
2 0.740942 0.498618 0.030789 0.031969
2 0.750797 0.506848 0.047205 0.036233
2 0.160629 0.532227 0.053625 0.035589
2 0.415115 0.514657 0.034577 0.036005
2 0.714925 0.501829 0.023542 0.024214
2 0.739370 0.502575 0.035587 0.038654
