2 0.585152 0.772743 0.230714 0.101079
2 0.065490 0.884837 0.130403 0.173578
2 0.142119 0.764782 0.282846 0.113427
2 0.950491 0.805732 0.098411 0.116091
2 0.398698 0.743219 0.099128 0.075931
2 0.700332 0.759887 0.106216 0.071292
0 0.454334 0.748298 0.019372 0.086480
0 0.814670 0.803849 0.037661 0.145804
0 0.481244 0.737934 0.026549 0.056104
2 0.836946 0.782998 0.137221 0.095844
0 0.338694 0.755506 0.027973 0.098680
0 0.757609 0.756203 0.022338 0.075093
0 0.095334 0.705385 0.027261 0.042095
2 0.864118 0.784050 0.082699 0.095565
2 0.989087 0.737825 0.021544 0.024029
0 0.059635 0.719099 0.018163 0.047936
2 0.653063 0.743001 0.043329 0.028590
0 0.454590 0.736189 0.018859 0.060770
0 0.776011 0.756347 0.024338 0.070009
2 0.911462 0.755590 0.039934 0.047595
2 0.814625 0.781086 0.077411 0.090515
0 0.338795 0.733191 0.026442 0.052945
2 0.794207 0.781475 0.035648 0.093991
