2 0.144428 0.880691 0.287281 0.230322
0 0.840951 0.841491 0.070173 0.255173
2 0.446194 0.826273 0.162851 0.175008
2 0.689952 0.744260 0.126496 0.059714
2 0.189793 0.725586 0.089781 0.054919
0 0.274875 0.754731 0.036917 0.100649
2 0.339881 0.717670 0.079347 0.033112
5 0.939226 0.713865 0.120028 0.097571
2 0.033596 0.727039 0.067060 0.077748
0 0.781714 0.858162 0.089481 0.248611
0 0.970449 0.773465 0.029662 0.109487
2 0.091597 0.715368 0.055145 0.043525
1 0.828576 0.918462 0.043556 0.140434
2 0.515172 0.730751 0.069554 0.056700
1 0.778402 0.944578 0.062143 0.110687
0 0.032764 0.835157 0.063139 0.062806
2 0.514826 0.721834 0.069473 0.037848
0 0.100481 0.736510 0.027139 0.072219
0 0.454723 0.721749 0.013895 0.040498
2 0.855350 0.748528 0.041066 0.089011
0 0.801154 0.756264 0.029840 0.078115
0 0.419948 0.722489 0.018312 0.040033
0 0.124524 0.740119 0.023172 0.079728
0 0.461286 0.721599 0.012459 0.040102
2 0.843434 0.750071 0.069117 0.089664
2 0.511990 0.718561 0.061770 0.029780
0 0.406963 0.722403 0.015277 0.040245
2 0.034150 0.714801 0.066041 0.050013
0 0.447148 0.721905 0.014027 0.038781
