2 0.419586 0.901759 0.165916 0.121018
4 0.456611 0.664567 0.215256 0.083301
2 0.702121 0.797827 0.087585 0.075724
0 0.794871 0.935176 0.033717 0.129366
4 0.163583 0.770236 0.325991 0.250965
2 0.708109 0.896669 0.065166 0.122711
2 0.730427 0.743868 0.051970 0.053141
2 0.802319 0.744542 0.061965 0.052876
2 0.829299 0.715398 0.061432 0.054704
2 0.882154 0.806401 0.090647 0.062046
0 0.866520 0.895885 0.031758 0.118109
4 0.832177 0.669840 0.149577 0.075003
4 0.246192 0.771497 0.491680 0.248843
2 0.927240 0.861748 0.078463 0.092218
2 0.896367 0.744636 0.079326 0.055186
2 0.955969 0.715050 0.086173 0.057934
2 0.900972 0.750904 0.092358 0.066426
2 0.930815 0.678101 0.051120 0.034582
2 0.987629 0.857710 0.024268 0.103544
2 0.983723 0.745745 0.031626 0.047333
