2 0.242994 0.884300 0.483771 0.215246
2 0.674776 0.794100 0.104597 0.083722
2 0.929059 0.780270 0.141231 0.074668
3 0.761400 0.867280 0.096367 0.115417
0 0.307924 0.779598 0.018277 0.067300
0 0.752482 0.821124 0.061153 0.142876
2 0.871584 0.778863 0.104308 0.055278
4 0.411798 0.734344 0.072218 0.094455
0 0.234879 0.771540 0.020349 0.053033
4 0.521426 0.744843 0.151274 0.075116
0 0.352464 0.801367 0.032423 0.102504
2 0.269489 0.768798 0.049310 0.048034
0 0.218970 0.762768 0.013190 0.039453
0 0.080159 0.757777 0.036409 0.038844
