2 0.282145 0.756719 0.522472 0.469092
2 0.843273 0.782933 0.311474 0.416573
2 0.769332 0.580657 0.165210 0.128886
0 0.061767 0.539132 0.028518 0.089735
1 0.066524 0.564653 0.077152 0.064035
2 0.123165 0.527787 0.101046 0.047332
2 0.264853 0.518176 0.057866 0.028112
0 0.954487 0.539891 0.050669 0.076217
2 0.038511 0.528401 0.076355 0.041975
0 0.564057 0.534716 0.023562 0.074000
2 0.692141 0.521886 0.048082 0.032284
0 0.191878 0.539377 0.019251 0.054832
0 0.515458 0.541876 0.025023 0.070134
2 0.189089 0.523358 0.083056 0.048560
0 0.964444 0.539624 0.030691 0.075439
2 0.148123 0.527612 0.051399 0.048817
3 0.510107 0.558496 0.057628 0.046565
2 0.447128 0.526715 0.088525 0.047630
2 0.146343 0.519555 0.053042 0.039232
0 0.593082 0.517748 0.011940 0.031784
0 0.316625 0.514396 0.022556 0.026094
2 0.063536 0.529234 0.126835 0.049372
2 0.146591 0.512884 0.051290 0.024763
2 0.497090 0.531297 0.055602 0.064041
2 0.199145 0.525773 0.062142 0.046683
2 0.450465 0.520025 0.072305 0.034019
2 0.446640 0.541664 0.091463 0.074095
0 0.511919 0.535774 0.033896 0.072194
0 0.295413 0.517486 0.024132 0.022606
2 0.496383 0.520164 0.055224 0.041700
0 0.515277 0.555523 0.030282 0.049962
