2 0.507273 0.879888 0.040000 0.031657
2 0.621818 0.792365 0.029091 0.020484
2 0.738182 0.790503 0.025455 0.016760
2 0.666364 0.762570 0.023636 0.020484
2 0.688182 0.771881 0.027273 0.024209
2 0.415455 0.974860 0.049091 0.039106
2 0.702727 0.718808 0.034545 0.018622
2 0.581818 0.821229 0.018182 0.018622
2 0.590000 0.629423 0.052727 0.026071
2 0.650000 0.805400 0.027273 0.024209
2 0.507273 0.622905 0.021818 0.013035
2 0.699091 0.723464 0.030909 0.024209
2 0.584545 0.820298 0.023636 0.020484
2 0.761818 0.749534 0.025455 0.024209
2 0.619091 0.927374 0.023636 0.014898
2 0.587273 0.819367 0.029091 0.022346
