2 0.263425 0.784605 0.524658 0.411193
2 0.428918 0.592556 0.245581 0.135464
0 0.707111 0.647708 0.071758 0.206924
0 0.592740 0.594170 0.027494 0.102498
0 0.640031 0.586447 0.019016 0.077886
2 0.206066 0.568557 0.136006 0.043624
2 0.074607 0.566072 0.086623 0.043962
2 0.544929 0.576091 0.078522 0.068318
0 0.613957 0.579048 0.020472 0.063211
2 0.121577 0.555210 0.055983 0.035312
2 0.559941 0.557272 0.044161 0.031767
2 0.551166 0.577146 0.064388 0.055359
3 0.716255 0.890125 0.106598 0.211088
2 0.553979 0.562901 0.053842 0.037533
2 0.527486 0.541524 0.032562 0.013197
2 0.558863 0.549495 0.037629 0.023170
2 0.069176 0.574389 0.101650 0.064268
2 0.101779 0.555129 0.100921 0.035549
4 0.941220 0.498494 0.116230 0.984485
