2 0.272169 0.913278 0.144273 0.139111
2 0.632593 0.782207 0.084320 0.073599
2 0.679291 0.687023 0.067810 0.056974
2 0.193372 0.709542 0.082400 0.060077
2 0.869050 0.791598 0.123956 0.090951
2 0.420655 0.657903 0.049041 0.046168
2 0.341444 0.662063 0.058806 0.049572
2 0.338720 0.608620 0.039252 0.031863
2 0.033858 0.970737 0.067404 0.056067
2 0.928059 0.977606 0.143652 0.044233
2 0.564282 0.637132 0.043359 0.039499
2 0.465697 0.578514 0.028839 0.025629
2 0.639587 0.638213 0.045768 0.039010
2 0.427561 0.617807 0.041782 0.042095
2 0.690925 0.618825 0.039259 0.040377
2 0.394675 0.610841 0.033541 0.031034
2 0.652398 0.599748 0.030405 0.024265
2 0.480868 0.556827 0.024688 0.026485
2 0.560858 0.601388 0.032466 0.017948
2 0.606351 0.600134 0.030721 0.026568
2 0.562005 0.607100 0.034729 0.028251
2 0.587787 0.575346 0.022754 0.020393
4 0.428260 0.540876 0.027152 0.031566
2 0.635867 0.578934 0.027238 0.021047
2 0.894894 0.613668 0.035557 0.021807
