2 0.427749 0.761550 0.440216 0.217094
2 0.180082 0.693190 0.091932 0.094544
2 0.060559 0.703679 0.113504 0.120439
3 0.756770 0.770837 0.156277 0.184700
2 0.610301 0.686399 0.260649 0.114397
3 0.672565 0.746427 0.062357 0.151369
2 0.579821 0.702717 0.193212 0.102199
2 0.286802 0.696170 0.141751 0.097140
2 0.993024 0.690439 0.013156 0.092979
2 0.853327 0.677720 0.061731 0.062763
2 0.954336 0.676253 0.033793 0.059408
2 0.932485 0.652232 0.027019 0.024392
2 0.600482 0.721814 0.238269 0.144149
1 0.861278 0.759406 0.035223 0.083643
0 0.222520 0.654992 0.037672 0.066678
2 0.808511 0.657776 0.035729 0.038540
2 0.968371 0.673132 0.061613 0.062510
3 0.860273 0.747911 0.039068 0.104295
2 0.601242 0.665296 0.248056 0.074165
0 0.220391 0.650402 0.030652 0.056959
3 0.955683 0.682241 0.035242 0.069640
