2 0.304545 0.899516 0.605455 0.186441
2 0.850909 0.926150 0.298182 0.138015
2 0.879091 0.825666 0.241818 0.237288
2 0.743636 0.720339 0.156364 0.079903
2 0.524545 0.716707 0.140000 0.062954
2 0.321818 0.734867 0.189091 0.050847
0 0.590000 0.714286 0.038182 0.043584
2 0.613636 0.687651 0.085455 0.029056
2 0.970909 0.686441 0.058182 0.021792
2 0.166364 0.687651 0.045455 0.029056
2 0.506364 0.685230 0.114545 0.053269
2 0.360909 0.682809 0.074545 0.038741
2 0.491818 0.685230 0.085455 0.048426
2 0.625455 0.687651 0.065455 0.024213
