2 0.419796 0.711188 0.033370 0.038472
2 0.161854 0.716272 0.057665 0.048849
2 0.465566 0.676967 0.027367 0.031876
2 0.679808 0.739767 0.052275 0.047439
2 0.073690 0.718776 0.041297 0.043072
2 0.393174 0.666923 0.027773 0.034420
2 0.178570 0.902391 0.093415 0.088554
2 0.586839 0.658125 0.024053 0.023984
2 0.774598 0.870539 0.066316 0.061875
2 0.423586 0.676788 0.025855 0.031601
2 0.368334 0.704096 0.030616 0.048742
2 0.354339 0.654640 0.025373 0.028531
2 0.599143 0.694267 0.030734 0.030051
2 0.171946 0.673712 0.033619 0.035419
2 0.323902 0.704192 0.036399 0.035301
2 0.236051 0.965995 0.074337 0.068011
2 0.036387 0.852843 0.071938 0.083485
2 0.184644 0.685474 0.054868 0.044580
2 0.123055 0.702055 0.028711 0.031884
2 0.188262 0.690103 0.047972 0.039287
2 0.327625 0.700068 0.045054 0.043231
2 0.125371 0.697016 0.033740 0.040898
