2 0.104563 0.745028 0.208192 0.164592
2 0.628624 0.744620 0.317438 0.148761
2 0.453663 0.649129 0.047961 0.049921
2 0.523578 0.642554 0.045435 0.044199
0 0.728272 0.661989 0.016393 0.061132
0 0.772167 0.666723 0.019538 0.078230
0 0.862614 0.676027 0.017954 0.068146
0 0.605685 0.655159 0.018801 0.039656
0 0.292602 0.652702 0.017160 0.067391
2 0.943498 0.631406 0.043771 0.035962
0 0.744469 0.666977 0.014857 0.063799
0 0.747444 0.670482 0.016544 0.066177
2 0.474788 0.617549 0.025943 0.024825
0 0.673828 0.658164 0.013611 0.028089
0 0.733739 0.662975 0.016613 0.060517
0 0.752235 0.676659 0.023492 0.064845
