2 0.207650 0.824348 0.109290 0.080000
2 0.126594 0.780000 0.096539 0.067826
2 0.919854 0.782609 0.098361 0.066087
2 0.854281 0.905217 0.127505 0.099130
2 0.651184 0.868696 0.096539 0.088696
2 0.272313 0.734783 0.071038 0.050435
2 0.836976 0.715652 0.067395 0.046957
2 0.379781 0.794783 0.085610 0.073043
2 0.744080 0.746957 0.071038 0.053913
2 0.182149 0.709565 0.061931 0.041739
2 0.844262 0.660870 0.056466 0.038261
2 0.628415 0.706087 0.058288 0.048696
2 0.428962 0.686957 0.052823 0.048696
2 0.911658 0.704348 0.071038 0.045217
5 0.061931 0.664348 0.120219 0.083478
2 0.682149 0.660000 0.041894 0.033043
2 0.755009 0.680870 0.049180 0.040000
2 0.477231 0.640000 0.036430 0.027826
2 0.608379 0.641739 0.036430 0.027826
2 0.278689 0.656522 0.047359 0.033043
2 0.618397 0.664348 0.045537 0.031304
2 0.357013 0.647826 0.036430 0.029565
2 0.428051 0.606087 0.025501 0.019130
2 0.386157 0.673913 0.047359 0.036522
2 0.316940 0.639130 0.036430 0.026087
2 0.151184 0.637391 0.047359 0.022609
5 0.266849 0.598261 0.056466 0.041739
2 0.438069 0.635652 0.034608 0.019130
2 0.605647 0.638261 0.038251 0.031304
2 0.361566 0.620000 0.034608 0.022609
2 0.468124 0.608696 0.025501 0.017391
2 0.492714 0.622609 0.049180 0.027826
2 0.660291 0.629565 0.034608 0.024348
2 0.730419 0.640870 0.032787 0.029565
2 0.790528 0.627826 0.047359 0.027826
2 0.710383 0.626957 0.040073 0.029565
2 0.741348 0.604348 0.025501 0.026087
2 0.704918 0.604348 0.040073 0.019130
2 0.974499 0.623478 0.047359 0.019130
2 0.887978 0.615652 0.034608 0.024348
2 0.924408 0.613043 0.030965 0.019130
2 0.522769 0.597391 0.029144 0.015652
2 0.596539 0.608696 0.034608 0.020870
