2 0.743189 0.898807 0.091438 0.069758
2 0.561563 0.921058 0.149897 0.099487
2 0.169274 0.922474 0.130929 0.069461
0 0.916622 0.888745 0.032318 0.088138
3 0.430440 0.936793 0.055639 0.065694
0 0.467017 0.900628 0.028631 0.077430
0 0.868401 0.905291 0.036382 0.119276
0 0.437017 0.912093 0.043777 0.091697
0 0.889800 0.889960 0.026094 0.082508
0 0.831241 0.874343 0.019618 0.058650
0 0.279224 0.926267 0.042296 0.102456
0 0.241231 0.929383 0.029391 0.086765
2 0.365412 0.905965 0.111838 0.057509
0 0.806280 0.879496 0.019196 0.050373
2 0.313523 0.927564 0.047925 0.047939
0 0.511569 0.883509 0.030049 0.056095
0 0.787669 0.874247 0.019586 0.047515
2 0.382769 0.896228 0.073240 0.037436
0 0.663056 0.880493 0.020461 0.049574
0 0.178298 0.955093 0.026626 0.040899
0 0.627184 0.879336 0.019503 0.049378
2 0.289554 0.913587 0.093988 0.070254
2 0.304597 0.904210 0.095497 0.064719
0 0.490166 0.895869 0.023162 0.069590
2 0.292800 0.923368 0.087106 0.062772
2 0.383408 0.905784 0.080200 0.056176
0 0.138775 0.966277 0.027937 0.031498
2 0.386933 0.891750 0.067708 0.029241
2 0.311238 0.916279 0.053107 0.057953
0 0.684437 0.872710 0.019549 0.040042
2 0.727492 0.859426 0.032149 0.022697
2 0.309223 0.914598 0.078464 0.078862
