0 0.947625 0.766231 0.103662 0.453574
2 0.163270 0.687461 0.301116 0.197021
2 0.805958 0.644646 0.200895 0.113526
2 0.496716 0.634173 0.068293 0.082309
0 0.451600 0.662971 0.041677 0.131938
0 0.543952 0.617855 0.013464 0.062928
0 0.008376 0.717763 0.016753 0.128647
2 0.907369 0.620687 0.059649 0.075482
0 0.628035 0.632552 0.027955 0.094935
2 0.443294 0.632334 0.041011 0.071846
0 0.596482 0.629175 0.017318 0.089821
0 0.347845 0.621899 0.018053 0.051448
0 0.577384 0.625795 0.014488 0.079046
0 0.581262 0.631436 0.020827 0.092051
2 0.921297 0.619565 0.032309 0.079349
0 0.481130 0.680991 0.028503 0.084864
0 0.588242 0.629468 0.015148 0.090657
2 0.897151 0.622178 0.042775 0.073124
2 0.639521 0.623847 0.025738 0.072343
2 0.434945 0.634192 0.024497 0.069681
3 0.628077 0.635452 0.046182 0.089982
3 0.627255 0.633760 0.030395 0.095296
0 0.584840 0.631553 0.022219 0.094476
0 0.591949 0.631356 0.019820 0.094826
