2 0.377030 0.876216 0.094072 0.080315
2 0.222698 0.852272 0.077600 0.073871
2 0.317202 0.784275 0.061645 0.057593
2 0.113069 0.731084 0.042353 0.037072
2 0.382162 0.752158 0.050053 0.033906
2 0.218841 0.741882 0.043107 0.037180
2 0.220301 0.696273 0.029587 0.024195
2 0.351626 0.727341 0.043212 0.035603
2 0.023201 0.753182 0.046122 0.040992
2 0.295726 0.743462 0.046455 0.037247
2 0.229330 0.663987 0.023804 0.020531
0 0.807334 0.851431 0.029913 0.047985
0 0.807261 0.841681 0.028549 0.028345
2 0.763591 0.794198 0.033631 0.025092
2 0.084127 0.668560 0.024696 0.013113
2 0.103922 0.658446 0.021872 0.015586
2 0.342451 0.698116 0.031696 0.025679
2 0.290177 0.718286 0.034554 0.029490
2 0.273184 0.694879 0.028357 0.020790
2 0.139717 0.655720 0.020785 0.018483
