2 0.956412 0.715568 0.086512 0.078981
2 0.883325 0.707257 0.200263 0.086830
0 0.259416 0.753088 0.025655 0.092280
2 0.746285 0.714169 0.120027 0.054846
2 0.500314 0.697101 0.066083 0.027088
2 0.366138 0.725175 0.057684 0.054674
2 0.669392 0.708026 0.106555 0.059332
0 0.018681 0.783783 0.037254 0.133833
2 0.829982 0.712348 0.095008 0.070729
2 0.706402 0.705394 0.073524 0.038657
2 0.452981 0.701235 0.030939 0.021968
3 0.518927 0.747771 0.044156 0.049194
0 0.018854 0.841343 0.037634 0.248666
2 0.612294 0.713198 0.068584 0.052045
2 0.573695 0.717783 0.084097 0.063798
2 0.579541 0.727949 0.091894 0.085449
2 0.367633 0.716190 0.056009 0.037656
3 0.576400 0.763710 0.032076 0.056751
3 0.524102 0.741959 0.055142 0.062425
3 0.569161 0.763302 0.053870 0.059237
2 0.611408 0.732149 0.068224 0.091579
