5 0.917145 0.865979 0.164567 0.157004
2 0.833476 0.965510 0.101384 0.068979
2 0.306370 0.949171 0.081346 0.083186
2 0.121534 0.981479 0.097359 0.037041
2 0.684155 0.923391 0.078832 0.074148
2 0.447000 0.800816 0.039452 0.038672
2 0.694006 0.819661 0.053033 0.039512
2 0.738024 0.855319 0.061883 0.054260
2 0.403408 0.781627 0.033990 0.033778
5 0.977312 0.927339 0.044866 0.143243
2 0.465617 0.752909 0.027060 0.028171
2 0.284284 0.845244 0.061984 0.066996
2 0.609162 0.812203 0.041947 0.042545
2 0.332341 0.803476 0.048118 0.046866
2 0.402614 0.727666 0.024905 0.024035
5 0.807790 0.787788 0.155573 0.130618
2 0.379464 0.979598 0.082964 0.040354
2 0.659697 0.775373 0.036755 0.033438
2 0.589090 0.757079 0.031668 0.027223
2 0.604974 0.733958 0.025659 0.023792
2 0.477127 0.708313 0.017212 0.014748
