4 0.504702 0.876751 0.136562 0.180272
2 0.301293 0.729469 0.038168 0.020632
2 0.796166 0.729105 0.023120 0.027478
2 0.637036 0.735249 0.026269 0.025232
2 0.620739 0.711465 0.027818 0.033361
2 0.589757 0.711434 0.022865 0.025843
2 0.684303 0.732826 0.024316 0.033491
2 0.657299 0.808008 0.024851 0.025907
2 0.587929 0.740406 0.025543 0.021502
2 0.822976 0.841688 0.029777 0.050538
2 0.804645 0.695598 0.021909 0.023862
2 0.188330 0.727678 0.044720 0.018634
2 0.768885 0.908394 0.053898 0.069154
2 0.777587 0.696323 0.020402 0.023171
2 0.462606 0.698502 0.032253 0.022537
2 0.829066 0.841070 0.043257 0.052510
2 0.616726 0.840692 0.034345 0.066547
2 0.351580 0.971442 0.081512 0.057116
2 0.838132 0.840768 0.062117 0.055547
2 0.656092 0.720206 0.024370 0.027427
2 0.646020 0.694520 0.018798 0.017335
2 0.341422 0.697380 0.022938 0.016227
2 0.658067 0.691906 0.018022 0.018426
4 0.055194 0.808354 0.096393 0.074108
2 0.620391 0.704504 0.027032 0.028823
2 0.690509 0.707244 0.018690 0.024281
