2 0.569798 0.938329 0.082459 0.123342
2 0.536758 0.714674 0.051959 0.059949
2 0.229047 0.945988 0.103461 0.108025
2 0.842682 0.834771 0.070035 0.091155
2 0.883647 0.649015 0.038280 0.042887
2 0.853941 0.702774 0.045766 0.054650
2 0.286890 0.756937 0.087963 0.069656
2 0.692646 0.690161 0.034553 0.050167
2 0.402837 0.735989 0.081661 0.070776
2 0.594507 0.660587 0.024604 0.037314
2 0.816659 0.639702 0.028146 0.032452
0 0.384487 0.875333 0.020301 0.104325
2 0.800506 0.606104 0.023760 0.033078
2 0.642455 0.653522 0.024291 0.033021
2 0.605152 0.628438 0.018370 0.026733
2 0.678161 0.664967 0.029041 0.043281
0 0.155517 0.831718 0.014510 0.071946
0 0.171147 0.834941 0.018251 0.069830
0 0.230754 0.842036 0.015122 0.082778
2 0.629020 0.603861 0.017184 0.020806
3 0.173962 0.840646 0.022572 0.061804
1 0.383715 0.904694 0.017384 0.059867
2 0.569390 0.744835 0.033535 0.059722
2 0.657369 0.605774 0.018138 0.027015
2 0.645288 0.628874 0.020885 0.023458
3 0.174483 0.853378 0.023404 0.038472
