2 0.533636 0.876513 0.300000 0.179177
0 0.720909 0.857143 0.114545 0.276029
0 0.959091 0.871671 0.067273 0.227603
0 0.306364 0.883777 0.092727 0.232446
2 0.197273 0.898305 0.143636 0.116223
2 0.268182 0.882567 0.281818 0.152542
0 0.823636 0.887409 0.236364 0.220339
2 0.431818 0.796610 0.067273 0.029056
2 0.987273 0.805085 0.025455 0.084746
2 0.871818 0.807506 0.121818 0.118644
2 0.390909 0.809927 0.054545 0.041162
0 0.230000 0.809927 0.030909 0.055690
2 0.683636 0.790557 0.076364 0.050847
2 0.844545 0.778450 0.063636 0.060533
2 0.539091 0.785714 0.158182 0.070218
