5 0.883636 0.950311 0.101818 0.095238
5 0.283636 0.938923 0.076364 0.076605
2 0.400909 0.959627 0.049091 0.051760
2 0.471818 0.972050 0.041818 0.047619
2 0.673636 0.939959 0.038182 0.028986
2 0.753636 0.975155 0.045455 0.045549
2 0.736364 0.936853 0.040000 0.039337
2 0.587273 0.899586 0.029091 0.022774
2 0.643636 0.913043 0.029091 0.024845
2 0.487273 0.909938 0.032727 0.026915
2 0.466364 0.892340 0.023636 0.020704
2 0.432727 0.881988 0.021818 0.020704
2 0.688182 0.904762 0.034545 0.033126
2 0.631818 0.986542 0.049091 0.026915
2 0.612727 0.938923 0.040000 0.039337
2 0.503636 0.868530 0.018182 0.018634
2 0.573636 0.879917 0.023636 0.020704
2 0.605455 0.870600 0.018182 0.018634
2 0.640909 0.875776 0.023636 0.020704
2 0.423636 0.893375 0.025455 0.022774
2 0.456364 0.862319 0.018182 0.014493
2 0.462727 0.848861 0.020000 0.012422
2 0.620000 0.954451 0.047273 0.033126
5 0.613636 0.842650 0.030909 0.028986
0 0.760000 0.891304 0.010909 0.035197
0 0.788182 0.905797 0.012727 0.026915
0 0.990909 0.982402 0.018182 0.035197
0 0.950000 0.976190 0.023636 0.047619
0 0.930000 0.955487 0.012727 0.047619
0 0.817273 0.910973 0.009091 0.028986
0 0.802727 0.914079 0.012727 0.031056
0 0.686364 0.869565 0.009091 0.024845
2 0.546364 0.858178 0.020000 0.022774
2 0.585455 0.845756 0.010909 0.018634
2 0.533636 0.848861 0.009091 0.012422
