5 0.832423 0.869176 0.335155 0.261649
5 0.529144 0.674731 0.205829 0.181004
2 0.860656 0.703405 0.125683 0.062724
2 0.309654 0.752688 0.091075 0.071685
2 0.612022 0.836022 0.116576 0.105735
2 0.704918 0.634409 0.072860 0.043011
5 0.121129 0.954301 0.224044 0.091398
2 0.231330 0.868280 0.145719 0.116487
2 0.423497 0.814516 0.122040 0.134409
2 0.262295 0.551971 0.032787 0.025090
2 0.607468 0.625448 0.085610 0.053763
7 0.424408 0.815412 0.120219 0.132616
2 0.260474 0.580645 0.036430 0.028674
2 0.374317 0.659498 0.067395 0.060932
2 0.580146 0.584229 0.034608 0.028674
7 0.118397 0.953405 0.229508 0.093190
2 0.980874 0.783154 0.038251 0.057348
2 0.830601 0.614695 0.058288 0.039427
2 0.405282 0.606631 0.049180 0.037634
5 0.736794 0.525986 0.056466 0.059140
5 0.788707 0.554659 0.083789 0.055556
2 0.777778 0.590502 0.054645 0.034050
2 0.677596 0.568100 0.058288 0.043011
2 0.952641 0.659498 0.094718 0.060932
2 0.414390 0.569892 0.034608 0.028674
2 0.414390 0.959677 0.173042 0.080645
2 0.287796 0.594086 0.040073 0.026882
2 0.346995 0.552867 0.034608 0.026882
