2 0.915455 0.881877 0.169091 0.223301
2 0.747273 0.652104 0.123636 0.126214
2 0.652727 0.556634 0.087273 0.097087
2 0.307273 0.417476 0.054545 0.103560
2 0.600909 0.514563 0.060000 0.071197
2 0.575455 0.483819 0.038182 0.042071
2 0.562727 0.477346 0.052727 0.055016
5 0.294545 0.745955 0.283636 0.488673
0 0.872727 0.639159 0.036364 0.126214
2 0.534545 0.446602 0.054545 0.058252
2 0.510000 0.427184 0.038182 0.045307
3 0.482727 0.440129 0.016364 0.038835
3 0.490909 0.399676 0.029091 0.035599
3 0.479091 0.386731 0.030909 0.029126
3 0.465455 0.378641 0.029091 0.038835
2 0.190909 0.648867 0.058182 0.106796
2 0.033636 0.423948 0.052727 0.051780
2 0.083636 0.396440 0.032727 0.035599
