2 0.665455 0.868932 0.047273 0.053398
2 0.708182 0.790049 0.034545 0.031553
2 0.623636 0.742718 0.025455 0.029126
2 0.465455 0.916262 0.054545 0.080097
2 0.723636 0.864078 0.047273 0.048544
2 0.630909 0.814320 0.040000 0.041262
2 0.643636 0.765777 0.025455 0.021845
2 0.481818 0.854369 0.043636 0.053398
0 0.106364 0.794903 0.012727 0.050971
7 0.201818 0.934466 0.083636 0.097087
2 0.556364 0.949029 0.050909 0.072816
2 0.335455 0.896845 0.074545 0.075243
2 0.551818 0.870146 0.052727 0.065534
2 0.552727 0.825243 0.036364 0.048544
2 0.555455 0.794903 0.034545 0.041262
2 0.557273 0.766990 0.027273 0.029126
2 0.494545 0.824029 0.036364 0.046117
2 0.511818 0.792476 0.041818 0.036408
2 0.517273 0.768204 0.030909 0.031553
2 0.442727 0.828883 0.045455 0.055825
2 0.380909 0.841019 0.041818 0.046117
2 0.402727 0.893204 0.067273 0.087379
2 0.279091 0.868932 0.060000 0.063107
2 0.260000 0.837379 0.050909 0.058252
2 0.309091 0.799757 0.040000 0.050971
2 0.311818 0.834951 0.045455 0.053398
2 0.343636 0.817961 0.040000 0.043689
2 0.369091 0.803398 0.047273 0.048544
2 0.381818 0.785194 0.040000 0.036408
2 0.397273 0.766990 0.030909 0.033981
2 0.722727 0.973301 0.081818 0.053398
2 0.794545 0.776699 0.036364 0.033981
2 0.814545 0.788835 0.040000 0.038835
2 0.881818 0.786408 0.036364 0.038835
2 0.432727 0.773058 0.025455 0.041262
2 0.465455 0.794903 0.029091 0.036408
2 0.191818 0.883495 0.085455 0.067961
2 0.477273 0.769417 0.030909 0.033981
2 0.520000 0.746359 0.021818 0.016990
3 0.106364 0.906553 0.038182 0.060680
1 0.064545 0.902913 0.030909 0.097087
3 0.120909 0.871359 0.034545 0.058252
