2 0.557273 0.897094 0.205455 0.147700
2 0.797273 0.906780 0.190909 0.171913
2 0.311818 0.915254 0.307273 0.169492
2 0.942727 0.881356 0.110909 0.111380
2 0.156364 0.864407 0.170909 0.082324
2 0.143636 0.944310 0.283636 0.111380
2 0.682727 0.877724 0.121818 0.123487
2 0.086364 0.812349 0.169091 0.070218
2 0.855455 0.835351 0.100000 0.077482
2 0.420909 0.857143 0.136364 0.096852
2 0.560000 0.820823 0.141818 0.048426
2 0.271818 0.811138 0.060000 0.048426
2 0.304545 0.807506 0.136364 0.060533
7 0.587273 0.636804 0.130909 0.058111
