2 0.268639 0.771097 0.077813 0.056143
2 0.564349 0.700911 0.042696 0.034126
2 0.872441 0.680312 0.045075 0.021114
2 0.665424 0.690720 0.044341 0.030346
2 0.584162 0.667109 0.032324 0.025344
2 0.342918 0.711329 0.048660 0.038818
2 0.536521 0.655754 0.031698 0.028190
2 0.704215 0.721079 0.066212 0.040028
2 0.186811 0.837934 0.121129 0.094091
2 0.370006 0.827086 0.082218 0.076032
2 0.194418 0.754497 0.083865 0.063706
2 0.798781 0.673997 0.049668 0.034271
2 0.426565 0.709639 0.049740 0.063314
2 0.642479 0.661204 0.030419 0.022553
2 0.812692 0.904022 0.142501 0.100818
2 0.372033 0.688809 0.036919 0.029063
7 0.812457 0.904372 0.142110 0.101207
2 0.403628 0.674061 0.037267 0.023448
2 0.455457 0.675624 0.031525 0.017804
2 0.177554 0.664283 0.032190 0.023987
2 0.757310 0.651290 0.029837 0.014358
2 0.952455 0.729362 0.053124 0.037636
2 0.612566 0.644828 0.024782 0.015422
5 0.896269 0.652266 0.039920 0.040455
2 0.223256 0.654021 0.026824 0.013407
2 0.265116 0.648244 0.040260 0.024448
2 0.687329 0.637684 0.023059 0.017398