5 0.240000 0.763270 0.101818 0.082803
2 0.407273 0.887473 0.069091 0.063694
2 0.374545 0.849257 0.061818 0.055202
2 0.504545 0.751592 0.030909 0.029724
2 0.682727 0.834395 0.052727 0.050955
2 0.769091 0.749469 0.025455 0.029724
2 0.475455 0.715499 0.027273 0.025478
2 0.969091 0.839703 0.058182 0.044586
5 0.603636 0.726115 0.040000 0.055202
2 0.603636 0.728238 0.040000 0.050955
2 0.715455 0.731423 0.023636 0.023355
2 0.504545 0.690021 0.016364 0.016985
2 0.447273 0.708068 0.025455 0.027601
5 0.529091 0.666667 0.029091 0.029724
2 0.472727 0.690021 0.021818 0.021231
2 0.579091 0.717622 0.023636 0.025478
2 0.570909 0.696391 0.021818 0.016985
5 0.746364 0.730361 0.038182 0.050955
