5 0.087432 0.778754 0.171220 0.148562
5 0.244991 0.803514 0.165756 0.185304
2 0.836066 0.967252 0.149362 0.065495
2 0.553734 0.674121 0.036430 0.025559
5 0.716758 0.648562 0.060109 0.047923
2 0.741348 0.709265 0.047359 0.031949
2 0.702186 0.717252 0.049180 0.035144
2 0.469035 0.640575 0.027322 0.015974
2 0.649362 0.686901 0.041894 0.022364
2 0.603825 0.653355 0.030965 0.019169
2 0.813297 0.799521 0.085610 0.071885
5 0.636612 0.635783 0.045537 0.041534
2 0.705829 0.684505 0.038251 0.023962
2 0.325137 0.700479 0.045537 0.039936
2 0.563752 0.649361 0.030965 0.017572
2 0.399818 0.647764 0.030965 0.020767
5 0.402550 0.626198 0.040073 0.038339
