5 0.273651 0.698056 0.189924 0.191154
2 0.135336 0.767883 0.197218 0.130970
2 0.937136 0.775721 0.124734 0.136907
2 0.460889 0.727621 0.031084 0.033729
2 0.385040 0.730104 0.045222 0.063039
2 0.638987 0.723890 0.024244 0.026158
2 0.499781 0.721024 0.026417 0.025760
2 0.543115 0.728533 0.029522 0.024897
2 0.413654 0.720012 0.043182 0.067792
2 0.446008 0.730550 0.036038 0.039097
2 0.718532 0.736024 0.054192 0.049489
2 0.702499 0.734543 0.022660 0.047168
2 0.567307 0.724382 0.021245 0.021213
3 0.760338 0.779486 0.032573 0.047716