2 0.644928 0.707395 0.068841 0.115756
2 0.791667 0.776527 0.094203 0.138264
2 0.333333 0.797428 0.094203 0.167203
2 0.325181 0.598071 0.059783 0.090032
2 0.645833 0.483923 0.038043 0.048232
2 0.230978 0.649518 0.081522 0.102894
2 0.582428 0.413183 0.027174 0.035370
2 0.551630 0.440514 0.030797 0.038585
2 0.550725 0.520900 0.036232 0.064309
2 0.221920 0.800643 0.110507 0.160772
5 0.073370 0.488746 0.070652 0.077170
7 0.222826 0.799035 0.108696 0.163987
2 0.626812 0.414791 0.025362 0.032154
5 0.789855 0.342444 0.047101 0.061093
2 0.390399 0.508039 0.048913 0.032154
2 0.357790 0.471061 0.038043 0.041801
7 0.229167 0.649518 0.085145 0.102894
2 0.454710 0.463023 0.028986 0.057878
2 0.409420 0.564309 0.054348 0.093248
5 0.829710 0.363344 0.039855 0.051447
7 0.325181 0.598071 0.059783 0.096463
2 0.559783 0.800643 0.079710 0.154341
2 0.128623 0.488746 0.054348 0.057878
2 0.207428 0.450161 0.038043 0.051447
2 0.157609 0.443730 0.043478 0.051447
7 0.483696 0.390675 0.028986 0.073955
7 0.441123 0.356913 0.034420 0.077170
2 0.430254 0.432476 0.023551 0.048232
2 0.920290 0.419614 0.047101 0.048232
2 0.893116 0.406752 0.039855 0.041801
2 0.976449 0.435691 0.047101 0.073955
