5 0.156648 0.789423 0.153005 0.128846
2 0.887067 0.908654 0.112933 0.086538
2 0.621129 0.764423 0.054645 0.055769
2 0.596539 0.709615 0.034608 0.026923
2 0.415301 0.720192 0.036430 0.032692
2 0.695811 0.858654 0.080146 0.075000
2 0.540984 0.691346 0.029144 0.025000
5 0.773224 0.700962 0.074681 0.071154
2 0.346995 0.735577 0.038251 0.036538
2 0.724954 0.793269 0.061931 0.051923
2 0.370674 0.831731 0.071038 0.075000
5 0.618397 0.650962 0.038251 0.036538
2 0.621129 0.701923 0.029144 0.023077
2 0.395264 0.980769 0.083789 0.038462
5 0.578324 0.641346 0.027322 0.032692
2 0.420765 0.687500 0.025501 0.021154
2 0.576503 0.890385 0.045537 0.053846
0 0.966302 0.779808 0.020036 0.048077
0 0.854281 0.730769 0.018215 0.042308
0 0.879781 0.728846 0.014572 0.042308
0 0.816940 0.716346 0.012750 0.040385
0 0.838798 0.716346 0.012750 0.044231
0 0.828780 0.715385 0.014572 0.046154
