5 0.884335 0.813360 0.227687 0.239686
2 0.787796 0.932220 0.136612 0.115914
2 0.284153 0.658153 0.040073 0.039293
2 0.554645 0.631631 0.034608 0.029470
5 0.574681 0.756385 0.140255 0.184676
2 0.593807 0.630648 0.036430 0.035363
2 0.423497 0.580550 0.027322 0.021611
2 0.564663 0.575639 0.021858 0.015717
2 0.665756 0.757367 0.067395 0.088409
2 0.366120 0.640472 0.036430 0.031434
2 0.609290 0.664047 0.041894 0.031434
5 0.486339 0.592338 0.047359 0.060904
5 0.917122 0.705305 0.165756 0.090373
5 0.021858 0.920432 0.040073 0.151277
2 0.527322 0.656189 0.041894 0.031434
2 0.335155 0.557957 0.029144 0.035363
5 0.614754 0.570727 0.071038 0.053045
2 0.534608 0.605108 0.034608 0.023576
