2 0.584699 0.792435 0.069217 0.057196
2 0.339709 0.873616 0.092896 0.094096
2 0.792350 0.918819 0.142077 0.099631
2 0.667577 0.759225 0.056466 0.060886
2 0.821494 0.815498 0.091075 0.066421
2 0.401639 0.751845 0.056466 0.046125
2 0.726776 0.749077 0.061931 0.044280
2 0.419854 0.694649 0.041894 0.053506
2 0.617486 0.716790 0.054645 0.042435
2 0.555556 0.718635 0.051002 0.053506
2 0.952641 0.930812 0.094718 0.094096
2 0.629326 0.914207 0.125683 0.134686
7 0.952641 0.928967 0.094718 0.094096
2 0.715847 0.643911 0.029144 0.022140
2 0.455373 0.631919 0.021858 0.023985
2 0.802368 0.650369 0.027322 0.016605
2 0.823315 0.697417 0.054645 0.044280
2 0.965392 0.711255 0.069217 0.057196
2 0.938069 0.743542 0.072860 0.047970
2 0.057377 0.875461 0.111111 0.119926
5 0.052823 0.951107 0.102004 0.097786
5 0.204918 0.655904 0.074681 0.071956
2 0.409836 0.653137 0.029144 0.025830
