2 0.225455 0.820388 0.047273 0.061489
2 0.709091 0.781553 0.065455 0.042071
2 0.989091 0.770227 0.021818 0.038835
2 0.615455 0.775081 0.060000 0.048544
2 0.078182 0.658576 0.065455 0.048544
2 0.952727 0.773463 0.047273 0.038835
2 0.678182 0.731392 0.036364 0.045307
2 0.783636 0.776699 0.090909 0.058252
2 0.861818 0.775081 0.087273 0.067961
2 0.937273 0.768608 0.085455 0.067961
2 0.846364 0.707120 0.078182 0.055016
2 0.797273 0.684466 0.092727 0.061489
2 0.932727 0.687702 0.061818 0.048544
2 0.966364 0.728155 0.060000 0.058252
2 0.707273 0.677994 0.069091 0.048544
2 0.752727 0.640777 0.061818 0.051780
2 0.675455 0.645631 0.056364 0.042071
2 0.597273 0.644013 0.078182 0.058252
2 0.564545 0.687702 0.056364 0.042071
2 0.531818 0.705502 0.067273 0.045307
2 0.539091 0.737864 0.067273 0.051780
2 0.464545 0.783172 0.096364 0.051780
2 0.385455 0.784790 0.072727 0.061489
2 0.383636 0.741100 0.047273 0.045307
2 0.450909 0.686084 0.065455 0.051780
2 0.485455 0.660194 0.061818 0.045307
2 0.356364 0.650485 0.065455 0.045307
2 0.348182 0.687702 0.078182 0.055016
2 0.291818 0.783172 0.063636 0.058252
2 0.240000 0.757282 0.069091 0.045307
2 0.207273 0.783172 0.087273 0.058252
2 0.102727 0.791262 0.092727 0.055016
2 0.027273 0.776699 0.050909 0.071197
2 0.170000 0.673139 0.096364 0.051780
2 0.162727 0.692557 0.063636 0.051780
2 0.224545 0.642395 0.067273 0.048544
2 0.294545 0.652104 0.050909 0.042071
2 0.020909 0.655340 0.038182 0.048544
2 0.690909 0.551780 0.061818 0.061489
