2 0.915455 0.843826 0.169091 0.244552
2 0.125455 0.802663 0.247273 0.186441
2 0.616364 0.776029 0.090909 0.094431
2 0.794545 0.800242 0.127273 0.138015
2 0.379091 0.751816 0.074545 0.075061
5 0.069091 0.667070 0.134545 0.176755
2 0.720000 0.778450 0.061818 0.099274
2 0.697273 0.755448 0.081818 0.092010
0 0.513636 0.762712 0.023636 0.077482
2 0.220000 0.751816 0.080000 0.079903
2 0.569091 0.727603 0.047273 0.041162
2 0.438182 0.742131 0.058182 0.075061
0 0.270909 0.753027 0.025455 0.096852
0 0.318182 0.739709 0.018182 0.055690
