5 0.194545 0.765399 0.101818 0.088768
2 0.810000 0.969203 0.132727 0.061594
2 0.309091 0.889493 0.080000 0.072464
5 0.877273 0.799819 0.129091 0.117754
5 0.716364 0.712862 0.054545 0.059783
5 0.276364 0.723732 0.065455 0.067029
2 0.679091 0.777174 0.045455 0.039855
2 0.870000 0.930254 0.103636 0.096014
2 0.445455 0.778986 0.043636 0.047101
2 0.672727 0.890399 0.083636 0.067029
2 0.504545 0.683877 0.020000 0.023551
2 0.605455 0.788949 0.050909 0.041667
2 0.387273 0.939312 0.087273 0.121377
2 0.455455 0.719203 0.030909 0.028986
2 0.335455 0.750906 0.038182 0.030797
2 0.579091 0.692935 0.020000 0.016304
0 0.978182 0.853261 0.021818 0.050725
2 0.539091 0.691123 0.023636 0.023551
5 0.355455 0.681159 0.041818 0.039855
5 0.820000 0.759058 0.094545 0.079710
2 0.412727 0.726449 0.032727 0.028986
2 0.550000 0.680254 0.023636 0.016304
0 0.959091 0.814312 0.023636 0.067029
2 0.592727 0.755435 0.047273 0.047101
5 0.802727 0.708333 0.067273 0.036232
2 0.432727 0.692935 0.025455 0.019928
2 0.611818 0.697464 0.020000 0.021739
