2 0.730718 0.763725 0.088288 0.067365
2 0.704224 0.942807 0.149194 0.113721
2 0.604863 0.735959 0.066034 0.057623
2 0.839934 0.893413 0.139165 0.104568
2 0.195612 0.607102 0.036081 0.027687
2 0.377036 0.767665 0.082468 0.072815
2 0.584822 0.684560 0.052793 0.046140
2 0.428587 0.607203 0.028156 0.024957
2 0.719069 0.660215 0.048649 0.032071
2 0.465152 0.610337 0.031190 0.036654
2 0.808307 0.673264 0.057819 0.047362
2 0.211423 0.715720 0.077862 0.054322
2 0.681319 0.711918 0.065347 0.053474
2 0.649726 0.671238 0.049886 0.041069
2 0.745201 0.694137 0.061060 0.049592
2 0.874884 0.764619 0.093518 0.081212
2 0.623286 0.636498 0.038593 0.030023
2 0.351289 0.627649 0.035603 0.028954
5 0.945462 0.638207 0.107888 0.071595
2 0.557919 0.629898 0.040561 0.035513
2 0.835661 0.638031 0.043699 0.029483
2 0.315772 0.684442 0.061819 0.046751
2 0.400727 0.602083 0.028271 0.017530
2 0.712890 0.593723 0.024511 0.016252
2 0.767494 0.614935 0.030145 0.019386
2 0.028058 0.697630 0.055671 0.047666
5 0.583215 0.584220 0.039443 0.040702
2 0.736782 0.592898 0.020624 0.015899
2 0.596487 0.614732 0.030643 0.023220
2 0.676931 0.631648 0.041122 0.032561