2 0.225264 0.703156 0.165352 0.087562
2 0.726673 0.669772 0.100275 0.073352
2 0.331561 0.677762 0.121544 0.093338
2 0.495014 0.663054 0.074871 0.053957
2 0.781995 0.656172 0.065312 0.053830
2 0.079059 0.686390 0.137353 0.090056
2 0.884466 0.669009 0.090358 0.063441
2 0.953127 0.661434 0.085632 0.058865
2 0.638764 0.661070 0.083638 0.067956
0 0.552374 0.685155 0.030831 0.129538
2 0.144765 0.680817 0.081684 0.087874
1 0.562450 0.716283 0.065800 0.085155
2 0.622027 0.668783 0.056376 0.048914
2 0.861799 0.658890 0.044231 0.046368
2 0.575504 0.664887 0.038099 0.061731
2 0.400692 0.648314 0.039154 0.044160