2 0.808182 0.935743 0.129091 0.116466
2 0.768182 0.758032 0.074545 0.058233
5 0.845455 0.665663 0.112727 0.098394
2 0.857273 0.819277 0.096364 0.080321
2 0.943636 0.802209 0.098182 0.070281
2 0.222727 0.778112 0.074545 0.074297
2 0.442727 0.907631 0.103636 0.116466
2 0.402727 0.694779 0.041818 0.052209
2 0.461818 0.758032 0.065455 0.066265
2 0.670909 0.648594 0.036364 0.028112
5 0.731818 0.680723 0.074545 0.112450
2 0.986364 0.873494 0.027273 0.072289
2 0.320909 0.690763 0.049091 0.040161
7 0.320000 0.821285 0.098182 0.128514
2 0.701818 0.789157 0.080000 0.080321
2 0.052727 0.958835 0.101818 0.078313
2 0.648182 0.731928 0.060000 0.058233
2 0.567273 0.600402 0.025455 0.020080
2 0.432727 0.638554 0.032727 0.028112
2 0.014545 0.787149 0.025455 0.036145
2 0.467273 0.675703 0.040000 0.038153
5 0.636364 0.604418 0.061818 0.056225
0 0.959091 0.706827 0.020000 0.052209
0 0.939091 0.714859 0.016364 0.056225
0 0.981818 0.706827 0.014545 0.060241
0 0.911818 0.676707 0.020000 0.060241
2 0.388182 0.639558 0.045455 0.034137
2 0.395455 0.619478 0.023636 0.026104
2 0.487273 0.609438 0.029091 0.026104
