2 0.699091 0.968401 0.089091 0.063197
5 0.923636 0.914498 0.152727 0.159851
5 0.217273 0.836431 0.114545 0.104089
2 0.844545 0.972119 0.089091 0.055762
2 0.442727 0.875465 0.052727 0.052045
5 0.710000 0.782528 0.049091 0.059480
2 0.650909 0.809480 0.036364 0.027881
2 0.254545 0.896840 0.061818 0.057621
2 0.730909 0.893123 0.061818 0.050186
5 0.315455 0.784387 0.060000 0.059480
2 0.637273 0.914498 0.060000 0.055762
5 0.596364 0.815056 0.069091 0.083643
5 0.552727 0.884758 0.083636 0.126394
2 0.347273 0.809480 0.032727 0.035316
5 0.809091 0.824349 0.080000 0.091078
5 0.864545 0.854089 0.092727 0.105948
2 0.420909 0.760223 0.023636 0.018587
2 0.703636 0.828996 0.040000 0.029740
2 0.415455 0.777881 0.027273 0.020446
2 0.522727 0.758364 0.023636 0.022305
7 0.323636 0.899628 0.069091 0.070632
2 0.551818 0.907063 0.081818 0.081784
5 0.750000 0.801115 0.041818 0.063197
5 0.185455 0.788104 0.069091 0.033457
2 0.514545 0.751859 0.021818 0.016729
2 0.563636 0.763011 0.029091 0.020446
2 0.379091 0.792751 0.034545 0.035316
2 0.640000 0.883829 0.058182 0.046468
2 0.707273 0.862454 0.050909 0.037175
