2 0.707273 0.807506 0.025455 0.021792
2 0.403636 0.889831 0.054545 0.036320
2 0.612727 0.832930 0.040000 0.024213
2 0.495455 0.848668 0.060000 0.031477
2 0.562727 0.857143 0.056364 0.029056
5 0.801818 0.743341 0.149091 0.053269
5 0.931818 0.795400 0.136364 0.050847
2 0.905455 0.749395 0.043636 0.021792
2 0.940909 0.750605 0.030909 0.024213
2 0.968182 0.728814 0.038182 0.029056
2 0.799091 0.806295 0.052727 0.029056
2 0.780909 0.828087 0.045455 0.029056
2 0.842727 0.834140 0.038182 0.026634
2 0.715455 0.877724 0.030909 0.046005
2 0.682727 0.840194 0.060000 0.029056
2 0.578182 0.730024 0.040000 0.021792
2 0.590000 0.819613 0.049091 0.026634
2 0.702727 0.780872 0.052727 0.031477
2 0.574545 0.800242 0.040000 0.026634
2 0.443636 0.847458 0.061818 0.024213
2 0.447273 0.820823 0.047273 0.029056
2 0.375455 0.815981 0.056364 0.029056
2 0.131818 0.921308 0.063636 0.031477
2 0.102727 0.906780 0.067273 0.026634
2 0.135455 0.870460 0.052727 0.026634
2 0.122727 0.834140 0.052727 0.031477
2 0.326364 0.772397 0.041818 0.029056
2 0.035455 0.961259 0.067273 0.033898
2 0.390909 0.773608 0.047273 0.026634
