2 0.526364 0.845439 0.060000 0.045608
2 0.575455 0.841216 0.056364 0.040541
2 0.562727 0.801520 0.052727 0.035473
2 0.805455 0.954392 0.083636 0.050676
2 0.423636 0.766047 0.043636 0.032095
2 0.943636 0.977196 0.080000 0.045608
2 0.483636 0.852196 0.050909 0.038851
2 0.769091 0.980574 0.072727 0.038851
2 0.227273 0.644426 0.029091 0.025338
2 0.189091 0.651182 0.029091 0.021959
2 0.158182 0.649493 0.029091 0.025338
2 0.372727 0.603885 0.029091 0.021959
2 0.308182 0.637669 0.034545 0.025338
2 0.920909 0.931588 0.085455 0.059122
2 0.853636 0.888514 0.063636 0.047297
2 0.671818 0.865709 0.060000 0.045608
2 0.667273 0.905405 0.054545 0.050676
2 0.634545 0.922297 0.058182 0.050676
2 0.557273 0.906250 0.060000 0.052365
2 0.619091 0.964527 0.060000 0.054054
2 0.226364 0.920608 0.052727 0.050676
2 0.426364 0.654561 0.049091 0.028716
2 0.625455 0.626689 0.047273 0.023649
2 0.490909 0.743243 0.043636 0.037162
