2 0.510909 0.854722 0.076364 0.101695
2 0.091818 0.779661 0.085455 0.096852
2 0.050909 0.939467 0.098182 0.121065
5 0.040000 0.640436 0.076364 0.118644
2 0.109091 0.644068 0.050909 0.053269
2 0.600000 0.820823 0.094545 0.096852
2 0.280909 0.727603 0.063636 0.079903
2 0.450000 0.728814 0.056364 0.062954
2 0.503636 0.700969 0.054545 0.055690
2 0.436364 0.673123 0.040000 0.053269
2 0.261818 0.834140 0.087273 0.108959
2 0.388182 0.754237 0.056364 0.079903
2 0.361818 0.877724 0.076364 0.123487
2 0.172727 0.594431 0.032727 0.036320
2 0.253636 0.612591 0.034545 0.038741
2 0.483636 0.654964 0.040000 0.036320
2 0.204545 0.616223 0.038182 0.036320
2 0.359091 0.694915 0.041818 0.048426
2 0.297273 0.661017 0.038182 0.038741
5 0.457273 0.567797 0.041818 0.060533
2 0.413636 0.644068 0.034545 0.029056
2 0.210000 0.573850 0.027273 0.024213
5 0.395455 0.536320 0.045455 0.041162
2 0.221818 0.955206 0.127273 0.089588
2 0.320000 0.630751 0.029091 0.031477
0 0.889091 0.891041 0.032727 0.101695
0 0.810909 0.851090 0.032727 0.094431
0 0.684545 0.726392 0.016364 0.067797
0 0.662727 0.702179 0.020000 0.072639
0 0.830909 0.722760 0.014545 0.046005
0 0.840909 0.731235 0.016364 0.048426
1 0.834545 0.740920 0.040000 0.048426
0 0.860000 0.684019 0.018182 0.046005
5 0.360909 0.644068 0.038182 0.048426
2 0.399091 0.616223 0.027273 0.026634
2 0.399091 0.592010 0.030909 0.031477
2 0.277273 0.572639 0.020000 0.021792
0 0.756364 0.690073 0.014545 0.058111
0 0.747273 0.681598 0.010909 0.050847
