2 0.767273 0.854037 0.105455 0.093168
2 0.685455 0.771222 0.072727 0.068323
5 0.288182 0.715321 0.140000 0.142857
2 0.648182 0.715321 0.063636 0.060041
2 0.830000 0.784679 0.092727 0.078675
2 0.411818 0.710145 0.060000 0.082816
2 0.717273 0.697723 0.052727 0.045549
7 0.131818 0.795031 0.103636 0.099379
2 0.286364 0.984472 0.103636 0.031056
2 0.610909 0.664596 0.047273 0.045549
2 0.948182 0.906832 0.103636 0.124224
2 0.344545 0.830228 0.092727 0.128364
2 0.546364 0.671843 0.045455 0.047619
2 0.523636 0.603520 0.025455 0.031056
7 0.948182 0.906832 0.103636 0.124224
2 0.268182 0.611801 0.027273 0.022774
2 0.132727 0.795031 0.101818 0.099379
2 0.575455 0.644928 0.034545 0.022774
2 0.650000 0.644928 0.045455 0.043478
2 0.184545 0.741201 0.056364 0.062112
2 0.014545 0.723602 0.025455 0.060041
2 0.656364 0.587992 0.021818 0.016563
7 0.344545 0.832298 0.092727 0.128364
2 0.084545 0.684265 0.038182 0.043478
2 0.025455 0.909938 0.047273 0.101449
2 0.978182 0.734990 0.043636 0.062112
5 0.845455 0.630435 0.065455 0.060041
5 0.409091 0.599379 0.047273 0.055901
2 0.416364 0.686335 0.047273 0.039337
2 0.434545 0.659420 0.047273 0.043478
2 0.411818 0.643892 0.034545 0.041408
2 0.393636 0.625259 0.027273 0.028986
2 0.704545 0.664596 0.041818 0.045549
7 0.880000 0.666667 0.094545 0.066253
2 0.790909 0.644928 0.050909 0.039337
