5 0.851818 0.760396 0.121818 0.118812
2 0.645455 0.841584 0.083636 0.075248
2 0.406364 0.856436 0.096364 0.100990
2 0.768182 0.838614 0.103636 0.081188
2 0.110000 0.867327 0.110909 0.099010
5 0.333636 0.735644 0.125455 0.140594
2 0.161818 0.808911 0.087273 0.081188
2 0.712727 0.942574 0.120000 0.114851
2 0.215455 0.911881 0.121818 0.112871
5 0.054545 0.711881 0.105455 0.116832
2 0.440909 0.752475 0.060000 0.075248
2 0.231818 0.756436 0.070909 0.059406
2 0.649091 0.682178 0.043636 0.041584
2 0.734545 0.695050 0.047273 0.043564
2 0.695455 0.731683 0.063636 0.053465
2 0.888182 0.958416 0.169091 0.083168
5 0.944545 0.866337 0.110909 0.120792
2 0.430000 0.647525 0.034545 0.043564
2 0.614545 0.780198 0.069091 0.063366
2 0.727273 0.785149 0.076364 0.065347
2 0.607273 0.724752 0.054545 0.059406
2 0.586364 0.589109 0.023636 0.017822
2 0.020909 0.932673 0.038182 0.130693
2 0.680000 0.706931 0.047273 0.039604
2 0.838182 0.640594 0.032727 0.025743
2 0.593636 0.672277 0.045455 0.049505
5 0.900000 0.958416 0.189091 0.083168
2 0.470000 0.672277 0.045455 0.053465
2 0.776364 0.737624 0.047273 0.057426
2 0.869091 0.678218 0.054545 0.041584
2 0.933636 0.676238 0.052727 0.041584
2 0.982727 0.714851 0.034545 0.047525
5 0.377273 0.626733 0.067273 0.061386
5 0.413636 0.606931 0.038182 0.049505
5 0.429091 0.589109 0.040000 0.049505
2 0.196364 0.670297 0.047273 0.041584
