2 0.300546 0.621277 0.047359 0.034043
2 0.789617 0.631915 0.056466 0.046809
5 0.658470 0.732979 0.118397 0.180851
2 0.546448 0.652128 0.043716 0.048936
2 0.514572 0.787234 0.085610 0.093617
2 0.435337 0.645745 0.036430 0.036170
2 0.102914 0.636170 0.056466 0.042553
2 0.667577 0.589362 0.034608 0.034043
2 0.078324 0.972340 0.153005 0.055319
2 0.018215 0.667021 0.032787 0.040426
2 0.031876 0.628723 0.034608 0.027660
2 0.460838 0.586170 0.025501 0.019149
2 0.072860 0.620213 0.040073 0.031915
2 0.923497 0.581915 0.029144 0.019149
2 0.437158 0.602128 0.032787 0.025532
2 0.614754 0.582979 0.027322 0.029787
2 0.635701 0.623404 0.080146 0.038298
2 0.500911 0.550000 0.018215 0.019149
2 0.566485 0.584043 0.036430 0.027660
2 0.505464 0.575532 0.023679 0.019149
2 0.193989 0.620213 0.049180 0.031915
