2 0.727265 0.785390 0.175405 0.116163
2 0.846463 0.780667 0.179972 0.116498
2 0.560696 0.769862 0.091510 0.107022
2 0.102437 0.752902 0.204873 0.119007
2 0.936283 0.779235 0.126450 0.110606
2 0.450080 0.743187 0.085326 0.085622
3 0.261928 0.830316 0.088225 0.151643
0 0.296336 0.754556 0.048683 0.202163
0 0.325953 0.756203 0.040469 0.172136
2 0.502126 0.738824 0.028487 0.054620
2 0.374736 0.739140 0.068094 0.052370
0 0.258766 0.750568 0.037819 0.106726
0 0.226222 0.752819 0.039695 0.133154
2 0.522191 0.727144 0.033294 0.041862