2 0.772727 0.781879 0.309091 0.145414
2 0.511818 0.731544 0.103636 0.076063
2 0.377273 0.720358 0.092727 0.058166
2 0.881818 0.758389 0.218182 0.134228
2 0.067273 0.733781 0.072727 0.076063
2 0.310909 0.714765 0.058182 0.051454
2 0.610000 0.725951 0.096364 0.105145
2 0.108182 0.715884 0.038182 0.040268
2 0.434545 0.691275 0.043636 0.022371
2 0.960000 0.710291 0.080000 0.033557
2 0.039091 0.695749 0.060000 0.035794
2 0.501818 0.690157 0.094545 0.046980
2 0.272727 0.712528 0.047273 0.042506
2 0.231818 0.714765 0.045455 0.038031
