2 0.066485 0.843034 0.129326 0.112875
2 0.699454 0.731041 0.098361 0.079365
5 0.772313 0.571429 0.094718 0.070547
2 0.897086 0.785714 0.125683 0.089947
2 0.789617 0.814815 0.114754 0.091711
2 0.342441 0.664021 0.058288 0.054674
2 0.318761 0.990300 0.120219 0.019400
2 0.830601 0.702822 0.091075 0.058201
2 0.537341 0.661376 0.047359 0.045855
2 0.432605 0.664903 0.060109 0.056437
2 0.570128 0.745150 0.076503 0.075838
2 0.644809 0.674603 0.061931 0.047619
2 0.267760 0.652557 0.061931 0.049383
2 0.331512 0.597002 0.036430 0.022928
2 0.636612 0.579365 0.034608 0.026455
2 0.439891 0.593474 0.041894 0.044092
2 0.949909 0.888889 0.100182 0.162257
7 0.949909 0.889771 0.100182 0.164021
2 0.358834 0.574956 0.032787 0.024691
2 0.712204 0.632275 0.054645 0.044092
2 0.629326 0.639330 0.052823 0.040564
2 0.607468 0.604938 0.049180 0.031746
2 0.740437 0.605820 0.041894 0.033510
2 0.818761 0.658730 0.078324 0.054674
2 0.526412 0.589947 0.040073 0.033510
2 0.570128 0.578483 0.032787 0.028219
1 0.581056 0.558201 0.036430 0.040564
5 0.669399 0.551146 0.071038 0.058201
5 0.712204 0.543210 0.058288 0.052910
