2 0.590000 0.905340 0.078182 0.101942
2 0.739091 0.945388 0.110909 0.109223
2 0.340000 0.827670 0.076364 0.087379
5 0.936364 0.963592 0.127273 0.072816
2 0.458182 0.759709 0.050909 0.063107
2 0.220000 0.861650 0.101818 0.097087
5 0.660000 0.674757 0.065455 0.087379
5 0.577273 0.651699 0.038182 0.055825
2 0.551818 0.750000 0.045455 0.053398
2 0.288182 0.923544 0.103636 0.123786
2 0.687273 0.850728 0.087273 0.089806
2 0.204545 0.980583 0.107273 0.038835
2 0.773636 0.833738 0.081818 0.075243
2 0.387273 0.753641 0.050909 0.065534
5 0.845455 0.924757 0.116364 0.116505
2 0.625455 0.754854 0.047273 0.048544
5 0.687273 0.851942 0.087273 0.087379
2 0.310000 0.773058 0.067273 0.070388
2 0.647273 0.791262 0.054545 0.063107
2 0.708182 0.775485 0.074545 0.065534
5 0.426364 0.882282 0.074545 0.114078
2 0.575455 0.817961 0.063636 0.082524
2 0.605455 0.723301 0.040000 0.043689
2 0.543636 0.708738 0.036364 0.033981
2 0.468182 0.717233 0.034545 0.046117
2 0.414545 0.724515 0.032727 0.050971
2 0.347273 0.717233 0.050909 0.041262
2 0.385455 0.696602 0.029091 0.033981
2 0.481818 0.683252 0.032727 0.041262
2 0.436364 0.679612 0.036364 0.043689
0 0.088182 0.797330 0.023636 0.075243
0 0.130909 0.776699 0.018182 0.067961
0 0.248182 0.714806 0.012727 0.055825
0 0.171818 0.757282 0.020000 0.063107
0 0.692727 0.742718 0.050909 0.043689
0 0.587273 0.689320 0.029091 0.033981
