2 0.510000 0.745763 0.110909 0.140436
2 0.948182 0.831719 0.103636 0.176755
2 0.089091 0.714286 0.174545 0.121065
0 0.106364 0.760291 0.063636 0.169492
0 0.751818 0.771186 0.041818 0.157385
0 0.440000 0.711864 0.036364 0.111380
0 0.720909 0.723971 0.030909 0.111380
2 0.282727 0.710654 0.183636 0.123487
3 0.102727 0.801453 0.121818 0.130751
2 0.370000 0.681598 0.070909 0.055690
2 0.358182 0.704600 0.047273 0.101695
1 0.101818 0.790557 0.123636 0.142857
1 0.320000 0.753027 0.065455 0.096852
0 0.326364 0.705811 0.056364 0.104116
0 0.839091 0.714286 0.023636 0.101695
0 0.876364 0.709443 0.032727 0.092010
0 0.797273 0.710654 0.023636 0.089588
0 0.821818 0.709443 0.029091 0.096852
0 0.660909 0.697337 0.020000 0.053269
1 0.648182 0.739709 0.049091 0.055690
