1 0.790909 0.772397 0.221818 0.188862
0 0.800000 0.716707 0.101818 0.280872
2 0.551818 0.602906 0.089091 0.092010
0 0.141818 0.646489 0.065455 0.179177
2 0.662727 0.595642 0.110909 0.096852
0 0.921818 0.627119 0.047273 0.135593
0 0.350000 0.612591 0.034545 0.125908
0 0.384545 0.636804 0.038182 0.164649
0 0.470909 0.618644 0.054545 0.152542
0 0.267273 0.606538 0.036364 0.138015
0 0.429091 0.600484 0.021818 0.096852
2 0.060909 0.581114 0.063636 0.062954
0 0.196364 0.573850 0.021818 0.062954
5 0.400000 0.519370 0.134545 0.133172
2 0.597273 0.581114 0.041818 0.058111
