5 0.925455 0.651332 0.149091 0.125908
2 0.042727 0.740920 0.081818 0.067797
2 0.221818 0.687651 0.083636 0.053269
2 0.175455 0.917676 0.118182 0.067797
2 0.070909 0.631961 0.087273 0.033898
2 0.316364 0.705811 0.101818 0.065375
5 0.627273 0.807506 0.192727 0.094431
2 0.626364 0.807506 0.190909 0.099274
2 0.867273 0.767554 0.167273 0.087167
2 0.771818 0.812349 0.100000 0.050847
2 0.484545 0.843826 0.150909 0.084746
2 0.397273 0.871671 0.150909 0.087167
0 0.164545 0.788136 0.038182 0.079903
0 0.133636 0.795400 0.016364 0.055690
3 0.159091 0.809927 0.081818 0.041162
2 0.821818 0.611380 0.047273 0.036320
0 0.671818 0.688862 0.020000 0.050847
0 0.712727 0.710654 0.014545 0.060533
0 0.672727 0.720339 0.018182 0.060533
3 0.728182 0.633172 0.023636 0.046005
3 0.749091 0.592010 0.018182 0.031477
2 0.014545 0.653753 0.025455 0.048426
