2 0.408915 0.675413 0.056808 0.049322
2 0.933657 0.801883 0.119553 0.090366
2 0.381241 0.634450 0.048980 0.048950
7 0.733763 0.913689 0.231863 0.171147
5 0.734143 0.913648 0.231896 0.172704
2 0.305130 0.710547 0.076368 0.057812
2 0.632255 0.612476 0.033851 0.029055
2 0.448674 0.644524 0.044059 0.038111
2 0.607357 0.673115 0.049490 0.058294
2 0.689020 0.615551 0.040101 0.031004
2 0.692770 0.737793 0.080652 0.071114
2 0.191003 0.832842 0.134596 0.103699
2 0.096127 0.791316 0.128288 0.087471
2 0.843369 0.858132 0.152647 0.145863
7 0.276598 0.665782 0.070646 0.064513
2 0.583817 0.627830 0.044536 0.034605
2 0.575908 0.579889 0.026718 0.020928
7 0.095985 0.791502 0.128763 0.088585
7 0.843520 0.858459 0.152683 0.147694
2 0.421579 0.612199 0.035023 0.028919
2 0.486586 0.600863 0.035456 0.038033
2 0.164738 0.714513 0.092047 0.067757
2 0.624150 0.587744 0.029105 0.026909
2 0.585496 0.600805 0.039784 0.025257
5 0.276086 0.665149 0.071737 0.064645
7 0.165931 0.713089 0.093177 0.071841