5 0.105647 0.882250 0.207650 0.231986
2 0.688525 0.956063 0.160291 0.087873
2 0.794171 0.923550 0.123862 0.093146
2 0.256831 0.921793 0.120219 0.096661
2 0.940801 0.901582 0.118397 0.084359
5 0.242259 0.756591 0.167577 0.100176
2 0.618397 0.850615 0.078324 0.070299
2 0.408925 0.844464 0.078324 0.093146
2 0.830601 0.840949 0.091075 0.057996
2 0.707650 0.818981 0.085610 0.052724
2 0.425319 0.756591 0.049180 0.054482
2 0.749545 0.865554 0.085610 0.065026
2 0.851548 0.727592 0.049180 0.031634
2 0.698543 0.724077 0.049180 0.035149
2 0.586521 0.786467 0.058288 0.043937
2 0.264117 0.692443 0.032787 0.021090
2 0.572860 0.754833 0.052823 0.040422
2 0.673953 0.785589 0.065574 0.049209
2 0.378871 0.741652 0.043716 0.035149
2 0.778689 0.789982 0.074681 0.054482
2 0.724954 0.752197 0.054645 0.042179
2 0.663024 0.768893 0.083789 0.047452
2 0.438069 0.712654 0.052823 0.033392
2 0.931694 0.742531 0.071038 0.040422
2 0.976321 0.770650 0.047359 0.061511
2 0.967213 0.854130 0.065574 0.056239
2 0.647541 0.699473 0.030965 0.024605
2 0.393443 0.714411 0.040073 0.026362
5 0.061931 0.711775 0.091075 0.066784
