2 0.176090 0.765344 0.279102 0.214939
2 0.896339 0.763512 0.206175 0.204833
2 0.778862 0.747659 0.094800 0.110634
2 0.371456 0.734211 0.082827 0.094366
2 0.331462 0.749365 0.047823 0.099983
2 0.646804 0.719663 0.040453 0.049660
2 0.434531 0.745423 0.055407 0.070998
2 0.710111 0.740396 0.055663 0.054880
0 0.478573 0.729720 0.045486 0.109153
7 0.063904 0.730393 0.127293 0.386544
2 0.586763 0.713340 0.027299 0.029977
2 0.618000 0.719191 0.030595 0.031964
1 0.474157 0.775172 0.042610 0.076360
0 0.474705 0.703576 0.036901 0.056870
2 0.668482 0.729618 0.034630 0.056123